proposed	1.000000	11212020	11212020
proposed	0.997612	11212020	1998416
proposed	0.987170	11212020	2201909
proposed	0.985338	11212020	203697158
proposed	0.982885	11212020	7961699
proposed	0.982830	11212020	6961760
proposed	0.977141	11212020	6728280
proposed	0.975856	11212020	53094980
proposed	0.975363	11212020	2783746
proposed	0.974897	11212020	44176293
scincl	1.000000	11212020	11212020
scincl	0.970398	11212020	153315005
scincl	0.968177	11212020	41550072
scincl	0.968118	11212020	13419043
scincl	0.967459	11212020	227637457
scincl	0.967304	11212020	67361791
scincl	0.965477	11212020	247446894
scincl	0.964996	11212020	201666130
scincl	0.964416	11212020	230659519
scincl	0.964056	11212020	5033497
specter2	1.000000	11212020	11212020
specter2	0.974122	11212020	213417243
specter2	0.970803	11212020	8677917
specter2	0.966267	11212020	5234044
specter2	0.965655	11212020	153312685
specter2	0.965556	11212020	209862736
specter2	0.963791	11212020	14003387
specter2	0.957831	11212020	13728350
specter2	0.956963	11212020	237100916
specter2	0.956445	11212020	235652305
specter	1.000000	11212020	11212020
specter	0.899327	11212020	70222779
specter	0.888964	11212020	38084627
specter	0.873732	11212020	215885247
specter	0.864126	11212020	231609770
specter	0.862207	11212020	53144225
specter	0.856422	11212020	54630339
specter	0.854951	11212020	15600925
specter	0.852217	11212020	1245593
specter	0.850799	11212020	4747760
specter.K280	1.000000	11212020	11212020
specter.K280	0.915871	11212020	70222779
specter.K280	0.893251	11212020	38084627
specter.K280	0.882906	11212020	215885247
specter.K280	0.868250	11212020	53144225
specter.K280	0.862354	11212020	4747760
specter.K280	0.862295	11212020	15600925
specter.K280	0.861167	11212020	231609770
specter.K280	0.860000	11212020	54630339
specter.K280	0.854540	11212020	215837074
