proposed	1.000000	13756489	13756489
proposed	0.986160	13756489	3725815
proposed	0.980694	13756489	173990158
proposed	0.975534	13756489	57759363
proposed	0.975361	13756489	49667762
proposed	0.971838	13756489	234762885
proposed	0.971374	13756489	201698358
proposed	0.969607	13756489	235368340
proposed	0.969351	13756489	159041867
proposed	0.968862	13756489	174799399
specter2	1.000000	13756489	13756489
specter2	0.949891	13756489	184482605
specter2	0.943217	13756489	7831483
specter2	0.939371	13756489	202572959
specter2	0.937087	13756489	65578684
specter2	0.934651	13756489	221971055
specter2	0.933798	13756489	31481386
specter2	0.933096	13756489	1939094
specter2	0.931335	13756489	246015516
specter2	0.930967	13756489	238242056
specter	1.000000	13756489	13756489
specter	0.884208	13756489	29769422
specter	0.838452	13756489	4842909
specter	0.832856	13756489	237278113
specter	0.830833	13756489	232105052
specter	0.826631	13756489	41563021
specter	0.826304	13756489	248023020
specter	0.825661	13756489	67265754
specter	0.825534	13756489	222209122
specter	0.823175	13756489	6461746
specter.K280	1.000000	13756489	13756489
specter.K280	0.884840	13756489	29769422
specter.K280	0.849938	13756489	237278113
specter.K280	0.848056	13756489	4842909
specter.K280	0.843385	13756489	6461746
specter.K280	0.838706	13756489	67265754
specter.K280	0.835126	13756489	232105052
specter.K280	0.834353	13756489	234336004
specter.K280	0.830981	13756489	188797700
specter.K280	0.829584	13756489	49864419
