proposed	1.000000	13870599	13870599
proposed	0.991556	13870599	226282824
proposed	0.987817	13870599	17817489
proposed	0.987362	13870599	51873719
proposed	0.986574	13870599	226282450
proposed	0.986044	13870599	419762
proposed	0.985918	13870599	56353188
proposed	0.985834	13870599	8852106
proposed	0.985778	13870599	204848200
proposed	0.985610	13870599	203693082
specter	1.000000	13870599	13870599
specter	0.800898	13870599	141068289
specter	0.758296	13870599	232042759
specter	0.752637	13870599	64177459
specter	0.750269	13870599	158406
specter	0.737009	13870599	17008786
specter	0.731325	13870599	142994357
specter	0.727532	13870599	41263
specter	0.727253	13870599	64616461
specter	0.725524	13870599	146644136
specter.K280	1.000000	13870599	13870599
specter.K280	0.811460	13870599	141068289
specter.K280	0.781790	13870599	64177459
specter.K280	0.774381	13870599	158406
specter.K280	0.774089	13870599	232042759
specter.K280	0.771560	13870599	146644136
specter.K280	0.756684	13870599	17008786
specter.K280	0.755092	13870599	59764247
specter.K280	0.754098	13870599	64616461
specter.K280	0.746697	13870599	142994357
