proposed	1.000000	144254747	144254747
proposed	0.988045	144254747	156311717
proposed	0.985919	144254747	28420401
proposed	0.985704	144254747	145346262
proposed	0.985095	144254747	144651160
proposed	0.984550	144254747	157678989
proposed	0.984031	144254747	146163321
proposed	0.983986	144254747	146426174
proposed	0.982347	144254747	140372939
proposed	0.981744	144254747	144893927
scincl	1.000000	144254747	144254747
scincl	0.947357	144254747	143882734
scincl	0.947239	144254747	157448407
scincl	0.944758	144254747	151609101
scincl	0.944339	144254747	146683115
scincl	0.941463	144254747	146832730
scincl	0.939609	144254747	151901847
scincl	0.932636	144254747	229123445
scincl	0.930342	144254747	157923385
scincl	0.926218	144254747	129675068
specter2	1.000000	144254747	144254747
specter2	0.949940	144254747	252678656
specter2	0.944835	144254747	157599936
specter2	0.924407	144254747	127371269
specter2	0.916413	144254747	218999211
specter2	0.916163	144254747	159011571
specter2	0.910186	144254747	230641462
specter2	0.909750	144254747	222601473
specter2	0.907987	144254747	193364320
specter2	0.906757	144254747	157840727
specter	1.000000	144254747	144254747
specter	0.857406	144254747	206835469
specter	0.857362	144254747	140341188
specter	0.844215	144254747	158941663
specter	0.827964	144254747	32951131
specter	0.824599	144254747	220065019
specter	0.815211	144254747	158281367
specter	0.811753	144254747	143998640
specter	0.802888	144254747	229504800
specter	0.797744	144254747	148039919
specter.K280	1.000000	144254747	144254747
specter.K280	0.873877	144254747	206835469
specter.K280	0.845918	144254747	220065019
specter.K280	0.845587	144254747	140341188
specter.K280	0.843206	144254747	32951131
specter.K280	0.831041	144254747	158941663
specter.K280	0.815679	144254747	158281367
specter.K280	0.809439	144254747	143998640
specter.K280	0.807944	144254747	146263739
specter.K280	0.806051	144254747	229504800
