proposed	1.000000	144464121	144464121
proposed	0.984664	144464121	144134893
proposed	0.974840	144464121	145756621
proposed	0.973248	144464121	144754200
proposed	0.972814	144464121	152048254
proposed	0.968843	144464121	145077395
proposed	0.967542	144464121	144020679
proposed	0.967484	144464121	50863002
proposed	0.967112	144464121	148193729
proposed	0.967031	144464121	144194739
scincl	1.000000	144464121	144464121
scincl	0.937804	144464121	125170764
scincl	0.932070	144464121	148075558
scincl	0.907147	144464121	147799082
scincl	0.898399	144464121	171603425
scincl	0.897911	144464121	170810694
scincl	0.893544	144464121	143858744
scincl	0.892958	144464121	142100613
scincl	0.883695	144464121	152235855
scincl	0.882149	144464121	192437778
specter2	1.000000	144464121	144464121
specter2	0.939366	144464121	62693336
specter2	0.926383	144464121	165181294
specter2	0.922189	144464121	164776959
specter2	0.918588	144464121	160090978
specter2	0.916463	144464121	169276424
specter2	0.915448	144464121	170854388
specter2	0.915354	144464121	212820717
specter2	0.914272	144464121	63941030
specter2	0.913098	144464121	148131615
specter	1.000000	144464121	144464121
specter	0.808317	144464121	171888526
specter	0.763260	144464121	62731669
specter	0.761372	144464121	170587978
specter	0.747382	144464121	142976699
specter	0.741396	144464121	220813407
specter	0.738065	144464121	204858016
specter	0.735135	144464121	170885170
specter	0.729860	144464121	240629812
specter	0.728999	144464121	55029352
specter.K280	1.000000	144464121	144464121
specter.K280	0.794401	144464121	171888526
specter.K280	0.751170	144464121	62731669
specter.K280	0.750737	144464121	170587978
specter.K280	0.747350	144464121	142976699
specter.K280	0.743416	144464121	220813407
specter.K280	0.741145	144464121	170787415
specter.K280	0.737520	144464121	151555558
specter.K280	0.733337	144464121	151155250
specter.K280	0.732434	144464121	204858016
