proposed	1.000000	144612233	144612233
proposed	0.997445	144612233	159051389
proposed	0.997258	144612233	161076240
proposed	0.996934	144612233	142258570
proposed	0.996611	144612233	162289324
proposed	0.996255	144612233	143507163
proposed	0.996088	144612233	142849572
proposed	0.996020	144612233	162085211
proposed	0.995771	144612233	192363260
proposed	0.995527	144612233	166483999
scincl	1.000000	144612233	144612233
scincl	0.951572	144612233	154536315
scincl	0.949961	144612233	159663568
scincl	0.948956	144612233	212818806
scincl	0.948650	144612233	162090204
scincl	0.948523	144612233	192876098
scincl	0.948399	144612233	234296929
scincl	0.948197	144612233	67834545
scincl	0.946160	144612233	144393223
scincl	0.944423	144612233	162928204
specter2	1.000000	144612233	144612233
specter2	0.933431	144612233	133042793
specter2	0.918576	144612233	158590015
specter2	0.915151	144612233	201375482
specter2	0.914033	144612233	162242695
specter2	0.908301	144612233	129510638
specter2	0.907230	144612233	149345630
specter2	0.906369	144612233	250223541
specter2	0.906028	144612233	70772625
specter2	0.905817	144612233	161965173
specter	1.000000	144612233	144612233
specter	0.881596	144612233	56028682
specter	0.867512	144612233	163734435
specter	0.866566	144612233	145456264
specter	0.866413	144612233	210835441
specter	0.865606	144612233	126839373
specter	0.863993	144612233	143965988
specter	0.862834	144612233	162746046
specter	0.861520	144612233	55489605
specter	0.861035	144612233	145238267
specter.K280	1.000000	144612233	144612233
specter.K280	0.913230	144612233	56028682
specter.K280	0.897494	144612233	163734435
specter.K280	0.896288	144612233	55489605
specter.K280	0.896203	144612233	145456264
specter.K280	0.891868	144612233	210835441
specter.K280	0.888094	144612233	145238267
specter.K280	0.882630	144612233	152846512
specter.K280	0.881652	144612233	161722942
specter.K280	0.881083	144612233	143965988
