proposed	1.000000	144965158	144965158
proposed	0.988391	144965158	144578827
proposed	0.987619	144965158	150209288
proposed	0.985387	144965158	151535446
proposed	0.984087	144965158	153731482
proposed	0.983086	144965158	146241955
proposed	0.982019	144965158	142706629
proposed	0.980316	144965158	145068130
proposed	0.979881	144965158	143852952
proposed	0.979355	144965158	63219148
scincl	1.000000	144965158	144965158
scincl	0.928187	144965158	232493881
scincl	0.927137	144965158	214576854
scincl	0.926875	144965158	108013886
scincl	0.921755	144965158	160830955
scincl	0.920084	144965158	135060086
scincl	0.919874	144965158	244965393
scincl	0.918473	144965158	163470068
scincl	0.918374	144965158	194925919
scincl	0.917647	144965158	196121382
specter2	1.000000	144965158	144965158
specter2	0.907938	144965158	163651002
specter2	0.904262	144965158	229677575
specter2	0.902327	144965158	213352189
specter2	0.902130	144965158	214574403
specter2	0.901866	144965158	171015135
specter2	0.897099	144965158	113399410
specter2	0.896737	144965158	164545236
specter2	0.895932	144965158	165692535
specter2	0.895773	144965158	196182460
specter	1.000000	144965158	144965158
specter	0.841024	144965158	144228837
specter	0.831850	144965158	201927517
specter	0.825145	144965158	149253890
specter	0.824110	144965158	171012152
specter	0.823907	144965158	145497604
specter	0.821084	144965158	202121152
specter	0.814935	144965158	110047310
specter	0.813725	144965158	162039690
specter	0.813247	144965158	150885141
specter.K280	1.000000	144965158	144965158
specter.K280	0.862216	144965158	201927517
specter.K280	0.844960	144965158	144228837
specter.K280	0.841835	144965158	145497604
specter.K280	0.839742	144965158	171012152
specter.K280	0.835506	144965158	202121152
specter.K280	0.833838	144965158	144577934
specter.K280	0.833136	144965158	150885141
specter.K280	0.831035	144965158	162039690
specter.K280	0.828703	144965158	40488080
