proposed	1.000000	145089552	145089552
proposed	0.958870	145089552	144046638
proposed	0.954427	145089552	162397516
proposed	0.952110	145089552	190108709
proposed	0.947398	145089552	162085793
proposed	0.945990	145089552	225729177
proposed	0.945359	145089552	147845561
proposed	0.937535	145089552	143561116
proposed	0.936564	145089552	144758739
proposed	0.934494	145089552	129747583
specter2	1.000000	145089552	145089552
specter2	0.936940	145089552	247388763
specter2	0.930047	145089552	162928204
specter2	0.928972	145089552	161316232
specter2	0.928204	145089552	141414288
specter2	0.927950	145089552	63298385
specter2	0.924515	145089552	155487031
specter2	0.923427	145089552	233613457
specter2	0.917672	145089552	149130330
specter2	0.915357	145089552	144529193
specter	1.000000	145089552	145089552
specter	0.826215	145089552	249010697
specter	0.824379	145089552	148963981
specter	0.823352	145089552	219878476
specter	0.823111	145089552	232155218
specter	0.821340	145089552	191812244
specter	0.817919	145089552	170550198
specter	0.816314	145089552	166993668
specter	0.814267	145089552	236616352
specter	0.809401	145089552	171948650
specter.K280	1.000000	145089552	145089552
specter.K280	0.872453	145089552	191812244
specter.K280	0.860596	145089552	191941805
specter.K280	0.855592	145089552	219878476
specter.K280	0.854873	145089552	170550198
specter.K280	0.849045	145089552	229347816
specter.K280	0.846712	145089552	233357538
specter.K280	0.845088	145089552	156913225
specter.K280	0.844622	145089552	148963981
specter.K280	0.844566	145089552	249010697
