proposed	1.000000	145661837	145661837
proposed	0.997354	145661837	29254368
proposed	0.995030	145661837	57703147
proposed	0.993242	145661837	225566964
proposed	0.992654	145661837	53843117
proposed	0.991187	145661837	146676049
proposed	0.990443	145661837	232399746
proposed	0.989346	145661837	149080566
proposed	0.988343	145661837	62369369
proposed	0.988019	145661837	60556649
scincl	1.000000	145661837	145661837
scincl	0.955868	145661837	214531107
scincl	0.951214	145661837	133255857
scincl	0.949160	145661837	130443918
scincl	0.942775	145661837	148372815
scincl	0.942108	145661837	133894619
scincl	0.931422	145661837	13089572
scincl	0.915359	145661837	159715507
scincl	0.910693	145661837	63211340
scincl	0.903959	145661837	41371371
specter2	1.000000	145661837	145661837
specter2	0.905521	145661837	112409914
specter2	0.902762	145661837	209403418
specter2	0.901824	145661837	55281046
specter2	0.896793	145661837	148349428
specter2	0.892116	145661837	155993296
specter2	0.890444	145661837	127643644
specter2	0.890295	145661837	218591458
specter2	0.889886	145661837	163115704
specter2	0.885030	145661837	59639771
specter	1.000000	145661837	145661837
specter	0.867106	145661837	132083337
specter	0.855489	145661837	155776487
specter	0.824016	145661837	145208588
specter	0.820653	145661837	154695882
specter	0.807985	145661837	246523812
specter	0.807367	145661837	142094127
specter	0.803293	145661837	144052831
specter	0.798966	145661837	219310048
specter	0.798375	145661837	184865780
specter.K280	1.000000	145661837	145661837
specter.K280	0.878584	145661837	132083337
specter.K280	0.871687	145661837	155776487
specter.K280	0.851809	145661837	246523812
specter.K280	0.839170	145661837	154695882
specter.K280	0.838136	145661837	184865780
specter.K280	0.831533	145661837	234033690
specter.K280	0.831168	145661837	145208588
specter.K280	0.830857	145661837	144052831
specter.K280	0.824039	145661837	142094127
