proposed	1.000000	14697265	14697265
proposed	0.948487	14697265	62459872
proposed	0.947731	14697265	215857502
proposed	0.945995	14697265	227230268
proposed	0.945523	14697265	218974503
proposed	0.943990	14697265	17603185
proposed	0.942377	14697265	38960825
proposed	0.941515	14697265	241006847
proposed	0.940748	14697265	204841613
proposed	0.937549	14697265	18638063
specter	1.000000	14697265	14697265
specter	0.757380	14697265	13088415
specter	0.755444	14697265	7990002
specter	0.754241	14697265	63839347
specter	0.754165	14697265	18197590
specter	0.750899	14697265	15173834
specter	0.750585	14697265	5192001
specter	0.747516	14697265	13238404
specter	0.744519	14697265	187995782
specter	0.742985	14697265	2774468
specter.K280	1.000000	14697265	14697265
specter.K280	0.795306	14697265	152231877
specter.K280	0.783985	14697265	7990002
specter.K280	0.781396	14697265	13238404
specter.K280	0.780515	14697265	13088415
specter.K280	0.778907	14697265	43981768
specter.K280	0.776262	14697265	41366907
specter.K280	0.773503	14697265	187995782
specter.K280	0.772405	14697265	63839347
specter.K280	0.764744	14697265	61510407
