proposed	1.000000	147886011	147886011
proposed	0.919222	147886011	171465579
proposed	0.916273	147886011	151485720
proposed	0.908564	147886011	141260091
proposed	0.908461	147886011	189601069
proposed	0.905453	147886011	214244290
proposed	0.905443	147886011	141030724
proposed	0.904589	147886011	148817952
proposed	0.904247	147886011	143221286
proposed	0.903165	147886011	148679396
scincl	1.000000	147886011	147886011
scincl	0.915533	147886011	159890602
scincl	0.914174	147886011	237887095
scincl	0.908353	147886011	225404966
scincl	0.904851	147886011	241748880
scincl	0.901641	147886011	171971686
scincl	0.900506	147886011	214305886
scincl	0.898125	147886011	172842083
scincl	0.896860	147886011	161574775
scincl	0.895734	147886011	188613109
specter2	1.000000	147886011	147886011
specter2	0.967479	147886011	194532134
specter2	0.964385	147886011	161879801
specter2	0.963461	147886011	163053465
specter2	0.962178	147886011	239658127
specter2	0.962166	147886011	165129481
specter2	0.960692	147886011	171562862
specter2	0.960181	147886011	250203057
specter2	0.959202	147886011	152702784
specter2	0.958674	147886011	165523840
specter	1.000000	147886011	147886011
specter	0.852686	147886011	160873169
specter	0.840976	147886011	161087932
specter	0.840037	147886011	248930301
specter	0.838017	147886011	193043878
specter	0.837817	147886011	70835121
specter	0.835643	147886011	162466629
specter	0.834925	147886011	191986907
specter	0.834642	147886011	199157572
specter	0.834373	147886011	161887981
specter.K280	1.000000	147886011	147886011
specter.K280	0.860939	147886011	160873169
specter.K280	0.857845	147886011	248930301
specter.K280	0.857625	147886011	70835121
specter.K280	0.857603	147886011	165777285
specter.K280	0.857502	147886011	191986907
specter.K280	0.855884	147886011	161087932
specter.K280	0.854996	147886011	193043878
specter.K280	0.852559	147886011	197998002
specter.K280	0.852192	147886011	247063948
