proposed	1.000000	151328465	151328465
proposed	0.989741	151328465	162864175
proposed	0.986536	151328465	144244996
proposed	0.986529	151328465	145729514
proposed	0.986224	151328465	160563424
proposed	0.985849	151328465	59157200
proposed	0.985569	151328465	430178
proposed	0.985250	151328465	149660345
proposed	0.984560	151328465	220705431
proposed	0.984336	151328465	158026045
scincl	1.000000	151328465	151328465
scincl	0.958237	151328465	154779138
scincl	0.948564	151328465	165471183
scincl	0.948152	151328465	204724556
scincl	0.947471	151328465	144142977
scincl	0.942849	151328465	54834421
scincl	0.939711	151328465	161778499
scincl	0.939560	151328465	147074800
scincl	0.939370	151328465	163142836
scincl	0.939159	151328465	78707081
specter2	1.000000	151328465	151328465
specter2	0.908574	151328465	145789658
specter2	0.907629	151328465	143493606
specter2	0.904587	151328465	163988451
specter2	0.903260	151328465	171771587
specter2	0.900604	151328465	171073607
specter2	0.900174	151328465	229527849
specter2	0.898642	151328465	117348205
specter2	0.897685	151328465	162320652
specter2	0.897026	151328465	165551526
specter	1.000000	151328465	151328465
specter	0.866843	151328465	158420984
specter	0.856220	151328465	203276823
specter	0.852458	151328465	147850086
specter	0.849317	151328465	143745181
specter	0.848570	151328465	162002342
specter	0.847589	151328465	163861220
specter	0.845071	151328465	209336817
specter	0.842305	151328465	161335838
specter	0.841875	151328465	191512152
specter.K280	1.000000	151328465	151328465
specter.K280	0.882495	151328465	158420984
specter.K280	0.875405	151328465	163861220
specter.K280	0.873722	151328465	147850086
specter.K280	0.872354	151328465	209336817
specter.K280	0.869879	151328465	191512152
specter.K280	0.866286	151328465	143745181
specter.K280	0.865850	151328465	203276823
specter.K280	0.860322	151328465	144522532
specter.K280	0.858153	151328465	161335838
