proposed	1.000000	152846512	152846512
proposed	0.997023	152846512	162216622
proposed	0.989707	152846512	151260528
proposed	0.989702	152846512	151865857
proposed	0.987826	152846512	153362597
proposed	0.986381	152846512	157053792
proposed	0.986158	152846512	153588053
proposed	0.985912	152846512	162405525
proposed	0.985534	152846512	160174084
proposed	0.985342	152846512	147982992
scincl	1.000000	152846512	152846512
scincl	0.981117	152846512	195790212
scincl	0.974335	152846512	155517926
scincl	0.959372	152846512	153126876
scincl	0.951806	152846512	202536422
scincl	0.950340	152846512	197648560
scincl	0.950336	152846512	143110992
scincl	0.949524	152846512	162243540
scincl	0.946731	152846512	165378443
scincl	0.946441	152846512	144276885
specter2	1.000000	152846512	152846512
specter2	0.959497	152846512	143118906
specter2	0.942648	152846512	160716094
specter2	0.936734	152846512	192883016
specter2	0.930528	152846512	248702148
specter2	0.927912	152846512	210877732
specter2	0.926181	152846512	152026222
specter2	0.925906	152846512	143895305
specter2	0.924532	152846512	164303769
specter2	0.923494	152846512	238648395
specter	1.000000	152846512	152846512
specter	0.863064	152846512	127104682
specter	0.859545	152846512	145590496
specter	0.856608	152846512	190616092
specter	0.846475	152846512	144612233
specter	0.842939	152846512	160453093
specter	0.842508	152846512	143858927
specter	0.840874	152846512	6766779
specter	0.838747	152846512	169809306
specter	0.836227	152846512	51786637
specter.K280	1.000000	152846512	152846512
specter.K280	0.882630	152846512	144612233
specter.K280	0.882554	152846512	127104682
specter.K280	0.880502	152846512	145590496
specter.K280	0.872016	152846512	6766779
specter.K280	0.871287	152846512	163746525
specter.K280	0.866813	152846512	190616092
specter.K280	0.860390	152846512	143858927
specter.K280	0.859706	152846512	141797149
specter.K280	0.859220	152846512	144627274
