proposed	1.000000	157506676	157506676
proposed	0.991107	157506676	163432566
proposed	0.990331	157506676	162245323
proposed	0.989909	157506676	161261127
proposed	0.987705	157506676	141902511
proposed	0.986547	157506676	169989240
proposed	0.985837	157506676	153024121
proposed	0.984793	157506676	143026333
proposed	0.982485	157506676	162797720
proposed	0.982384	157506676	158977398
scincl	1.000000	157506676	157506676
scincl	0.961281	157506676	191803403
scincl	0.953929	157506676	163192742
scincl	0.951201	157506676	148375763
scincl	0.951095	157506676	164454457
scincl	0.945637	157506676	190495198
scincl	0.939443	157506676	27111087
scincl	0.938381	157506676	144971418
scincl	0.932153	157506676	210171239
scincl	0.930670	157506676	193530055
specter2	1.000000	157506676	157506676
specter2	0.917342	157506676	151418383
specter2	0.916848	157506676	20889619
specter2	0.915133	157506676	235739019
specter2	0.912354	157506676	204479997
specter2	0.909840	157506676	148752328
specter2	0.903474	157506676	158357921
specter2	0.903022	157506676	147527339
specter2	0.902436	157506676	147826116
specter2	0.897438	157506676	182615248
specter	1.000000	157506676	157506676
specter	0.878745	157506676	171688147
specter	0.878208	157506676	127843784
specter	0.873435	157506676	220723490
specter	0.872062	157506676	148335764
specter	0.869156	157506676	144993376
specter	0.861771	157506676	198406825
specter	0.859046	157506676	7034849
specter	0.857360	157506676	150414576
specter	0.857292	157506676	165047044
specter.K280	1.000000	157506676	157506676
specter.K280	0.916202	157506676	127843784
specter.K280	0.904798	157506676	171688147
specter.K280	0.899119	157506676	148335764
specter.K280	0.891547	157506676	144993376
specter.K280	0.890054	157506676	220723490
specter.K280	0.889523	157506676	198406825
specter.K280	0.888440	157506676	157595253
specter.K280	0.887663	157506676	150414576
specter.K280	0.882884	157506676	165047044
