proposed	1.000000	162010535	162010535
proposed	0.908364	162010535	144033949
proposed	0.905072	162010535	153255649
proposed	0.902507	162010535	153987944
proposed	0.901179	162010535	129031633
proposed	0.898300	162010535	145361954
proposed	0.895635	162010535	54625891
proposed	0.893989	162010535	214217434
proposed	0.893408	162010535	127128505
proposed	0.893277	162010535	154057588
scincl	1.000000	162010535	162010535
scincl	0.937388	162010535	251877679
scincl	0.934478	162010535	161609112
scincl	0.928457	162010535	238765336
scincl	0.926469	162010535	212968793
scincl	0.918236	162010535	244214766
scincl	0.916757	162010535	178500839
scincl	0.915210	162010535	234619603
scincl	0.908872	162010535	214310261
scincl	0.907699	162010535	225747992
specter2	1.000000	162010535	162010535
specter2	0.978476	162010535	238100371
specter2	0.963352	162010535	212955350
specter2	0.960191	162010535	200223511
specter2	0.957241	162010535	164492648
specter2	0.955101	162010535	239666279
specter2	0.951850	162010535	160321707
specter2	0.950265	162010535	165924801
specter2	0.948321	162010535	153463554
specter2	0.947405	162010535	151235069
specter	1.000000	162010535	162010535
specter	0.913773	162010535	162270083
specter	0.909213	162010535	164611249
specter	0.908610	162010535	213380637
specter	0.907051	162010535	128741153
specter	0.905744	162010535	214132157
specter	0.905466	162010535	214250878
specter	0.904908	162010535	142334012
specter	0.903162	162010535	151376113
specter	0.902699	162010535	142942854
specter.K280	1.000000	162010535	162010535
specter.K280	0.926635	162010535	213380637
specter.K280	0.919359	162010535	150019241
specter.K280	0.915640	162010535	146449312
specter.K280	0.914828	162010535	164611249
specter.K280	0.911785	162010535	162270083
specter.K280	0.911470	162010535	142942854
specter.K280	0.910530	162010535	214250878
specter.K280	0.910289	162010535	161228847
specter.K280	0.909760	162010535	226827194
