proposed	1.000000	171959306	171959306
proposed	0.918156	171959306	145279980
proposed	0.904598	171959306	234233741
proposed	0.887830	171959306	63607561
proposed	0.832117	171959306	140612466
proposed	0.831062	171959306	186884159
proposed	0.767567	171959306	164344513
proposed	0.743801	171959306	128665625
proposed	0.743581	171959306	149164149
proposed	0.732470	171959306	171154693
scincl	1.000000	171959306	171959306
scincl	0.913450	171959306	160132545
scincl	0.909970	171959306	79344325
scincl	0.900914	171959306	190714988
scincl	0.900511	171959306	179648964
scincl	0.898605	171959306	160417315
scincl	0.898106	171959306	251186676
scincl	0.892272	171959306	84704481
scincl	0.890764	171959306	160259510
scincl	0.887354	171959306	198621684
specter2	1.000000	171959306	171959306
specter2	0.968162	171959306	244126178
specter2	0.959814	171959306	161429379
specter2	0.958856	171959306	169316617
specter2	0.956639	171959306	190683529
specter2	0.956372	171959306	202511913
specter2	0.955830	171959306	171620030
specter2	0.954521	171959306	163457669
specter2	0.954389	171959306	146204302
specter2	0.953771	171959306	193810835
specter	1.000000	171959306	171959306
specter	0.878022	171959306	160050817
specter	0.870695	171959306	192678857
specter	0.870185	171959306	191079939
specter	0.868959	171959306	133688213
specter	0.867433	171959306	163037854
specter	0.867185	171959306	166165511
specter	0.865683	171959306	221230138
specter	0.865681	171959306	192948600
specter	0.864527	171959306	134512184
specter.K280	1.000000	171959306	171959306
specter.K280	0.903595	171959306	191079939
specter.K280	0.896140	171959306	192678857
specter.K280	0.895756	171959306	160050817
specter.K280	0.885561	171959306	213005092
specter.K280	0.884057	171959306	166165511
specter.K280	0.881971	171959306	149995056
specter.K280	0.881932	171959306	193739773
specter.K280	0.880881	171959306	163792818
specter.K280	0.879431	171959306	133688213
