proposed	1.000000	173991101	173991101
proposed	0.994986	173991101	248780550
proposed	0.994413	173991101	248986922
proposed	0.992905	173991101	234337004
proposed	0.992728	173991101	220446394
proposed	0.992648	173991101	238582870
proposed	0.991746	173991101	237302466
proposed	0.991286	173991101	220047833
proposed	0.991262	173991101	248779872
proposed	0.990326	173991101	215828350
scincl	1.000000	173991101	173991101
scincl	0.962395	173991101	237452751
scincl	0.949853	173991101	253254842
scincl	0.941306	173991101	221949193
scincl	0.928315	173991101	233240748
scincl	0.918856	173991101	203203220
scincl	0.909104	173991101	235829093
scincl	0.873612	173991101	150019931
scincl	0.868781	173991101	59657780
scincl	0.866408	173991101	252813558
specter2	1.000000	173991101	173991101
specter2	0.967991	173991101	222290588
specter2	0.955402	173991101	17328396
specter2	0.949044	173991101	219708542
specter2	0.937028	173991101	54864855
specter2	0.919835	173991101	195064906
specter2	0.917231	173991101	12659489
specter2	0.912482	173991101	146847679
specter2	0.912135	173991101	214483712
specter2	0.911229	173991101	60435296
specter	1.000000	173991101	173991101
specter	0.859270	173991101	235446743
specter	0.841320	173991101	222290588
specter	0.817114	173991101	231740565
specter	0.790388	173991101	184486914
specter	0.776251	173991101	218974072
specter	0.775923	173991101	59823535
specter	0.775679	173991101	15595460
specter	0.775677	173991101	11079338
specter	0.771399	173991101	219021205
specter.K280	1.000000	173991101	173991101
specter.K280	0.868595	173991101	222290588
specter.K280	0.856723	173991101	235446743
specter.K280	0.841305	173991101	231740565
specter.K280	0.826481	173991101	219021205
specter.K280	0.817843	173991101	59823535
specter.K280	0.801445	173991101	29239744
specter.K280	0.787480	173991101	216913701
specter.K280	0.786791	173991101	239636700
specter.K280	0.785952	173991101	239000149
