proposed	1.000000	17810201	17810201
proposed	0.996366	17810201	26965785
proposed	0.993584	17810201	144553463
proposed	0.992639	17810201	53878480
proposed	0.991503	17810201	53833384
proposed	0.991263	17810201	142311107
proposed	0.989902	17810201	61507552
proposed	0.989539	17810201	27233891
proposed	0.988937	17810201	146753608
proposed	0.988634	17810201	56516743
scincl	1.000000	17810201	17810201
scincl	0.946766	17810201	151979450
scincl	0.897156	17810201	134374513
scincl	0.882955	17810201	212971912
scincl	0.880342	17810201	115593786
scincl	0.878077	17810201	142030905
scincl	0.870085	17810201	202355231
scincl	0.869148	17810201	233092641
scincl	0.864285	17810201	226007826
scincl	0.863133	17810201	57981399
specter2	1.000000	17810201	17810201
specter2	0.919609	17810201	133937095
specter2	0.916812	17810201	190833584
specter2	0.911469	17810201	247228
specter2	0.911237	17810201	192446098
specter2	0.910782	17810201	194004050
specter2	0.909698	17810201	107430103
specter2	0.908025	17810201	142836381
specter2	0.907997	17810201	143477141
specter2	0.906827	17810201	149315479
specter	1.000000	17810201	17810201
specter	0.789893	17810201	15935213
specter	0.788549	17810201	235428206
specter	0.777968	17810201	151770957
specter	0.777156	17810201	142468941
specter	0.771911	17810201	142762335
specter	0.771369	17810201	2437781
specter	0.769906	17810201	1447225
specter	0.768093	17810201	144676040
specter	0.767590	17810201	149252155
specter.K280	1.000000	17810201	17810201
specter.K280	0.816323	17810201	149252155
specter.K280	0.809260	17810201	1447225
specter.K280	0.808167	17810201	153871575
specter.K280	0.807925	17810201	235428206
specter.K280	0.804579	17810201	15935213
specter.K280	0.802886	17810201	142762335
specter.K280	0.802243	17810201	149498620
specter.K280	0.800005	17810201	144676040
specter.K280	0.799157	17810201	2437781
