proposed	1.000000	185837111	185837111
proposed	0.980995	185837111	130258415
proposed	0.980674	185837111	185344705
proposed	0.979306	185837111	160697595
proposed	0.977933	185837111	183299299
proposed	0.975487	185837111	135335204
proposed	0.973908	185837111	177561597
proposed	0.972847	185837111	191526058
proposed	0.972705	185837111	191658471
proposed	0.971941	185837111	161144137
scincl	1.000000	185837111	185837111
scincl	0.962533	185837111	161229746
scincl	0.957364	185837111	179240589
scincl	0.957052	185837111	248639210
scincl	0.952033	185837111	164720235
scincl	0.951768	185837111	164892342
scincl	0.951749	185837111	177175245
scincl	0.946595	185837111	190056084
scincl	0.946472	185837111	166056902
scincl	0.943723	185837111	194340674
specter2	1.000000	185837111	185837111
specter2	0.971782	185837111	165193093
specter2	0.970976	185837111	230646278
specter2	0.970265	185837111	190684251
specter2	0.969613	185837111	161818718
specter2	0.967891	185837111	171294941
specter2	0.966248	185837111	253194209
specter2	0.965030	185837111	195474207
specter2	0.963460	185837111	160461599
specter2	0.962068	185837111	169170663
specter	1.000000	185837111	185837111
specter	0.932584	185837111	165578545
specter	0.931874	185837111	148750559
specter	0.929535	185837111	188544359
specter	0.927645	185837111	162482277
specter	0.927427	185837111	171729879
specter	0.927402	185837111	192021635
specter	0.927393	185837111	149697933
specter	0.927142	185837111	178531233
specter	0.926895	185837111	194529118
specter.K280	1.000000	185837111	185837111
specter.K280	0.943068	185837111	235060149
specter.K280	0.942822	185837111	162482277
specter.K280	0.941410	185837111	188544359
specter.K280	0.940767	185837111	165578545
specter.K280	0.940591	185837111	194529118
specter.K280	0.939868	185837111	238135333
specter.K280	0.939619	185837111	148750559
specter.K280	0.938871	185837111	149697933
specter.K280	0.937572	185837111	248435420
