proposed	1.000000	18798641	18798641
proposed	0.946178	18798641	9668320
proposed	0.935577	18798641	153890903
proposed	0.934511	18798641	44963441
proposed	0.933593	18798641	10109846
proposed	0.929694	18798641	212620822
proposed	0.927059	18798641	1200462
proposed	0.926088	18798641	55794373
proposed	0.923724	18798641	46968115
proposed	0.923032	18798641	54795739
scincl	1.000000	18798641	18798641
scincl	0.951277	18798641	21581324
scincl	0.939450	18798641	115520190
scincl	0.937672	18798641	6312553
scincl	0.937053	18798641	43087089
scincl	0.935782	18798641	207954022
scincl	0.935094	18798641	233713762
scincl	0.932647	18798641	39224278
scincl	0.931708	18798641	37535314
scincl	0.931462	18798641	12787450
specter2	1.000000	18798641	18798641
specter2	0.951101	18798641	112219465
specter2	0.948390	18798641	2970027
specter2	0.945327	18798641	155193741
specter2	0.945105	18798641	17223216
specter2	0.942561	18798641	142497683
specter2	0.942441	18798641	15651596
specter2	0.942118	18798641	16745699
specter2	0.938020	18798641	17291667
specter2	0.936074	18798641	114222386
specter	1.000000	18798641	18798641
specter	0.789129	18798641	226537498
specter	0.764188	18798641	6463100
specter	0.741529	18798641	113818531
specter	0.738537	18798641	230961815
specter	0.716508	18798641	219648046
specter	0.710331	18798641	157982333
specter	0.697079	18798641	113808032
specter	0.689656	18798641	239445443
specter	0.677939	18798641	228839718
specter.K280	1.000000	18798641	18798641
specter.K280	0.785255	18798641	226537498
specter.K280	0.755448	18798641	113818531
specter.K280	0.749921	18798641	6463100
specter.K280	0.724745	18798641	157982333
specter.K280	0.714293	18798641	219648046
specter.K280	0.707082	18798641	230961815
specter.K280	0.696625	18798641	113808032
specter.K280	0.695917	18798641	157981964
specter.K280	0.692968	18798641	49664756
