scincl	1.000000	190522537	190522537
scincl	0.941237	190522537	191225831
scincl	0.940489	190522537	163401450
scincl	0.939533	190522537	178385827
scincl	0.938478	190522537	250299277
scincl	0.937013	190522537	212896950
scincl	0.934012	190522537	160555491
scincl	0.933014	190522537	188941356
scincl	0.930322	190522537	129595144
scincl	0.926966	190522537	193544050
specter2	1.000000	190522537	190522537
specter2	0.977098	190522537	159635704
specter2	0.971322	190522537	159395889
specter2	0.970211	190522537	226166342
specter2	0.969885	190522537	191327912
specter2	0.963621	190522537	191939654
specter2	0.963563	190522537	234584983
specter2	0.963193	190522537	160734309
specter2	0.962930	190522537	159246178
specter2	0.962917	190522537	229435542
specter	1.000000	190522537	190522537
specter	0.921421	190522537	154046558
specter	0.907548	190522537	146725857
specter	0.904330	190522537	192295291
specter	0.899911	190522537	164894695
specter	0.899855	190522537	158622379
specter	0.899364	190522537	128859279
specter	0.897508	190522537	249078554
specter	0.896721	190522537	171003536
specter	0.896705	190522537	166089600
specter.K280	1.000000	190522537	190522537
specter.K280	0.919680	190522537	154046558
specter.K280	0.917374	190522537	165185812
specter.K280	0.916242	190522537	198552107
specter.K280	0.914218	190522537	192295291
specter.K280	0.913131	190522537	226865692
specter.K280	0.912577	190522537	244667457
specter.K280	0.911881	190522537	146725857
specter.K280	0.911379	190522537	140826017
specter.K280	0.911135	190522537	158622379
