specter2	1.000000	192758484	192758484
specter2	0.942641	192758484	171694823
specter2	0.939280	192758484	162938496
specter2	0.929655	192758484	172972303
specter2	0.929513	192758484	170674741
specter2	0.928894	192758484	171595435
specter2	0.927836	192758484	191757500
specter2	0.927486	192758484	164789399
specter2	0.926458	192758484	170954521
specter2	0.922478	192758484	39623498
specter	1.000000	192758484	192758484
specter	0.926630	192758484	70370276
specter	0.924216	192758484	162553788
specter	0.922932	192758484	171053381
specter	0.920139	192758484	152021297
specter	0.918549	192758484	219733139
specter	0.918122	192758484	191814578
specter	0.916602	192758484	226508102
specter	0.915592	192758484	169935502
specter	0.915108	192758484	193202595
specter.K280	1.000000	192758484	192758484
specter.K280	0.932900	192758484	246022290
specter.K280	0.930586	192758484	70370276
specter.K280	0.929316	192758484	163289361
specter.K280	0.929037	192758484	162577483
specter.K280	0.928858	192758484	162553788
specter.K280	0.928492	192758484	171053381
specter.K280	0.928371	192758484	183673769
specter.K280	0.927940	192758484	152021297
specter.K280	0.926628	192758484	169935502
