proposed	1.000000	196621534	196621534
proposed	0.998602	196621534	13751870
proposed	0.998048	196621534	220483453
proposed	0.997362	196621534	198676070
proposed	0.996417	196621534	44110208
proposed	0.995931	196621534	216144650
proposed	0.995745	196621534	216553002
proposed	0.995723	196621534	229365884
proposed	0.995514	196621534	237581115
proposed	0.995364	196621534	220380933
scincl	1.000000	196621534	196621534
scincl	0.998245	196621534	198920012
scincl	0.972222	196621534	252819036
scincl	0.971771	196621534	201624805
scincl	0.971406	196621534	53247405
scincl	0.969700	196621534	201741543
scincl	0.969349	196621534	51880064
scincl	0.966534	196621534	3088415
scincl	0.966360	196621534	53230049
scincl	0.966043	196621534	251436608
specter2	1.000000	196621534	196621534
specter2	0.999180	196621534	198920012
specter2	0.977010	196621534	53247405
specter2	0.971901	196621534	241033035
specter2	0.967616	196621534	222209122
specter2	0.967251	196621534	174799399
specter2	0.964449	196621534	2563076
specter2	0.963599	196621534	202712706
specter2	0.962423	196621534	245855667
specter2	0.962097	196621534	250725170
specter	1.000000	196621534	196621534
specter	0.975704	196621534	198920012
specter	0.870259	196621534	227905147
specter	0.853708	196621534	69338970
specter	0.853226	196621534	222291274
specter	0.848730	196621534	245541929
specter	0.848507	196621534	248780239
specter	0.843645	196621534	211264217
specter	0.843405	196621534	15600925
specter	0.840784	196621534	237252143
specter.K280	1.000000	196621534	196621534
specter.K280	0.976023	196621534	198920012
specter.K280	0.864752	196621534	15600925
specter.K280	0.864491	196621534	227905147
specter.K280	0.861245	196621534	222291274
specter.K280	0.858896	196621534	229710666
specter.K280	0.850545	196621534	211264217
specter.K280	0.849593	196621534	18132421
specter.K280	0.845744	196621534	233323299
specter.K280	0.843839	196621534	69338970
