proposed	1.000000	218974393	218974393
proposed	0.994644	218974393	235097400
proposed	0.990837	218974393	223798991
proposed	0.990550	218974393	247011240
proposed	0.989602	218974393	215827471
proposed	0.989166	218974393	235377367
proposed	0.988472	218974393	196194557
proposed	0.988056	218974393	226283590
proposed	0.987979	218974393	226392125
proposed	0.987883	218974393	198996284
scincl	1.000000	218974393	218974393
scincl	0.908431	218974393	15795888
scincl	0.905608	218974393	218974082
scincl	0.900018	218974393	6474768
scincl	0.896434	218974393	51776765
scincl	0.891080	218974393	226239067
scincl	0.888403	218974393	123839745
scincl	0.887509	218974393	34081061
scincl	0.886857	218974393	252375726
scincl	0.879374	218974393	58454971
specter2	1.000000	218974393	218974393
specter2	0.921298	218974393	251439234
specter2	0.919939	218974393	210966369
specter2	0.917573	218974393	36205408
specter2	0.916393	218974393	214797532
specter2	0.914519	218974393	604339
specter2	0.914458	218974393	209007906
specter2	0.904982	218974393	2506983
specter2	0.904203	218974393	213915574
specter2	0.902618	218974393	62669900
specter	1.000000	218974393	218974393
specter	0.783855	218974393	2461310
specter	0.773535	218974393	70330611
specter	0.768495	218974393	7540825
specter	0.761954	218974393	11220809
specter	0.749317	218974393	15005332
specter	0.747954	218974393	9483876
specter	0.746283	218974393	2569925
specter	0.744921	218974393	7337757
specter	0.742845	218974393	21729255
specter.K280	1.000000	218974393	218974393
specter.K280	0.781712	218974393	2461310
specter.K280	0.774495	218974393	201102755
specter.K280	0.771501	218974393	7540825
specter.K280	0.764878	218974393	11220809
specter.K280	0.761503	218974393	194669066
specter.K280	0.761007	218974393	70330611
specter.K280	0.756449	218974393	21729255
specter.K280	0.752473	218974393	227018503
specter.K280	0.751329	218974393	7337757
