proposed	1.000000	218974371	218974371
proposed	0.988819	218974371	235097478
proposed	0.987486	218974371	231786438
proposed	0.987084	218974371	210942906
proposed	0.986221	218974371	234357574
proposed	0.986005	218974371	17812900
proposed	0.985575	218974371	222140783
proposed	0.985475	218974371	232428003
proposed	0.985394	218974371	7450499
proposed	0.985336	218974371	214596215
scincl	1.000000	218974371	218974371
scincl	0.925067	218974371	233910172
scincl	0.904030	218974371	236682982
scincl	0.903128	218974371	122702557
scincl	0.902753	218974371	236069603
scincl	0.901305	218974371	190716185
scincl	0.900248	218974371	203200323
scincl	0.894595	218974371	192660631
scincl	0.892564	218974371	219824209
scincl	0.892349	218974371	199207508
specter2	1.000000	218974371	218974371
specter2	0.926102	218974371	73652535
specter2	0.917016	218974371	60225159
specter2	0.914345	218974371	155682791
specter2	0.905398	218974371	41666513
specter2	0.903972	218974371	230566449
specter2	0.902924	218974371	244743946
specter2	0.902156	218974371	164747963
specter2	0.900588	218974371	170480979
specter2	0.898699	218974371	170902590
specter	1.000000	218974371	218974371
specter	0.767715	218974371	8464480
specter	0.765230	218974371	17791392
specter	0.761849	218974371	13969060
specter	0.757601	218974371	213931429
specter	0.754042	218974371	203575114
specter	0.751344	218974371	46260426
specter	0.751323	218974371	64003348
specter	0.750490	218974371	64162995
specter	0.749193	218974371	143887573
specter.K280	1.000000	218974371	218974371
specter.K280	0.776859	218974371	13969060
specter.K280	0.775998	218974371	8464480
specter.K280	0.773206	218974371	28495499
specter.K280	0.771306	218974371	241032974
specter.K280	0.768168	218974371	66991727
specter.K280	0.765694	218974371	64162995
specter.K280	0.762376	218974371	17791392
specter.K280	0.754535	218974371	127182086
specter.K280	0.751559	218974371	40400476
