proposed	1.000000	227231541	227231541
proposed	0.958149	227231541	248780265
proposed	0.922214	227231541	208547782
proposed	0.901152	227231541	113940526
proposed	0.900915	227231541	164400546
proposed	0.899568	227231541	235097552
proposed	0.898422	227231541	156066174
proposed	0.885517	227231541	106930835
proposed	0.884728	227231541	248779980
proposed	0.880905	227231541	130049007
specter2	1.000000	227231541	227231541
specter2	0.926406	227231541	154871903
specter2	0.922896	227231541	59408649
specter2	0.916062	227231541	225849014
specter2	0.913873	227231541	240699098
specter2	0.913575	227231541	143903785
specter2	0.909566	227231541	162866900
specter2	0.909018	227231541	131245086
specter2	0.907916	227231541	134458139
specter2	0.907179	227231541	148050990
specter	1.000000	227231541	227231541
specter	0.752421	227231541	219327130
specter	0.747009	227231541	142094127
specter	0.741218	227231541	145056765
specter	0.740416	227231541	61692747
specter	0.738831	227231541	141330410
specter	0.738375	227231541	225657361
specter	0.734584	227231541	144341971
specter	0.732022	227231541	144293861
specter	0.728723	227231541	29464010
specter.K280	1.000000	227231541	227231541
specter.K280	0.791856	227231541	67483192
specter.K280	0.786202	227231541	219327130
specter.K280	0.784187	227231541	141330410
specter.K280	0.780010	227231541	44314249
specter.K280	0.774078	227231541	158677654
specter.K280	0.773211	227231541	61692747
specter.K280	0.771905	227231541	225657361
specter.K280	0.770272	227231541	158304251
specter.K280	0.768602	227231541	145056765
