proposed	1.000000	232258125	232258125
proposed	0.995990	232258125	232328533
proposed	0.995472	232258125	27659684
proposed	0.991556	232258125	53141522
proposed	0.991181	232258125	164266289
proposed	0.983457	232258125	232307281
proposed	0.980781	232258125	204793182
proposed	0.980711	232258125	213430580
proposed	0.980001	232258125	219304543
proposed	0.979913	232258125	232335507
scincl	1.000000	232258125	232258125
scincl	0.894913	232258125	13089572
scincl	0.890486	232258125	130698690
scincl	0.875893	232258125	160936230
scincl	0.867625	232258125	216112971
scincl	0.864524	232258125	144914684
scincl	0.859427	232258125	241035868
scincl	0.858304	232258125	187455221
scincl	0.856696	232258125	225138801
scincl	0.856188	232258125	161377910
specter2	1.000000	232258125	232258125
specter2	0.914026	232258125	184858291
specter2	0.911731	232258125	220444936
specter2	0.906962	232258125	203249239
specter2	0.902781	232258125	236486138
specter2	0.901297	232258125	198078875
specter2	0.900921	232258125	186781911
specter2	0.899997	232258125	191990349
specter2	0.899847	232258125	194508729
specter2	0.899516	232258125	115586779
specter	1.000000	232258125	232258125
specter	0.689320	232258125	192100381
specter	0.671291	232258125	171034788
specter	0.670732	232258125	125213747
specter	0.661939	232258125	143696293
specter	0.659466	232258125	60415868
specter	0.658930	232258125	233031677
specter	0.655917	232258125	162849236
specter	0.653298	232258125	143928841
specter	0.648166	232258125	197660991
specter.K280	1.000000	232258125	232258125
specter.K280	0.697978	232258125	171034788
specter.K280	0.686377	232258125	60415868
specter.K280	0.679370	232258125	143696293
specter.K280	0.668525	232258125	125213747
specter.K280	0.667509	232258125	233031677
specter.K280	0.663861	232258125	74314263
specter.K280	0.662215	232258125	192100381
specter.K280	0.656672	232258125	197660991
specter.K280	0.646865	232258125	71151004
