proposed	1.000000	247594499	247594499
proposed	0.977129	247594499	207853290
proposed	0.976709	247594499	235097342
proposed	0.975867	247594499	237941158
proposed	0.974660	247594499	248780370
proposed	0.973252	247594499	222272049
proposed	0.973194	247594499	226226666
proposed	0.973118	247594499	247083993
proposed	0.972040	247594499	247448028
proposed	0.971180	247594499	248986638
scincl	1.000000	247594499	247594499
scincl	0.940673	247594499	48356442
scincl	0.930553	247594499	247476207
scincl	0.891973	247594499	253510963
scincl	0.887346	247594499	247518760
scincl	0.876766	247594499	162043842
scincl	0.874769	247594499	16608309
scincl	0.872579	247594499	62930918
scincl	0.871553	247594499	42742818
scincl	0.871433	247594499	234233659
specter2	1.000000	247594499	247594499
specter2	0.936812	247594499	204101660
specter2	0.923122	247594499	218974328
specter2	0.917464	247594499	64431952
specter2	0.910906	247594499	235075857
specter2	0.910802	247594499	221246367
specter2	0.910560	247594499	219561369
specter2	0.910281	247594499	222885109
specter2	0.909970	247594499	15841146
specter2	0.908663	247594499	63152346
specter	1.000000	247594499	247594499
specter	0.798749	247594499	226289571
specter	0.767226	247594499	40191641
specter	0.761863	247594499	14543311
specter	0.761012	247594499	16304583
specter	0.747780	247594499	17252541
specter	0.741597	247594499	195886574
specter	0.739406	247594499	53118858
specter	0.737121	247594499	61842443
specter	0.736575	247594499	232478417
specter.K280	1.000000	247594499	247594499
specter.K280	0.808900	247594499	226289571
specter.K280	0.776113	247594499	40191641
specter.K280	0.766224	247594499	17252541
specter.K280	0.764713	247594499	149511983
specter.K280	0.753841	247594499	14543311
specter.K280	0.753583	247594499	232478417
specter.K280	0.753159	247594499	17959599
specter.K280	0.752536	247594499	16304583
specter.K280	0.750772	247594499	18056525
