proposed	1.000000	248118721	248118721
proposed	0.940657	248118721	235097194
proposed	0.928383	248118721	227231043
proposed	0.923707	248118721	218973801
proposed	0.912084	248118721	204401896
proposed	0.908730	248118721	218973789
proposed	0.907484	248118721	248780044
proposed	0.905865	248118721	877375
proposed	0.904018	248118721	58028927
proposed	0.902087	248118721	201666291
scincl	1.000000	248118721	248118721
scincl	0.923525	248118721	151297201
scincl	0.865599	248118721	141475107
scincl	0.861479	248118721	153305405
scincl	0.861277	248118721	158857100
scincl	0.859877	248118721	60939208
scincl	0.851041	248118721	38671603
scincl	0.850678	248118721	251497627
scincl	0.850276	248118721	141112053
scincl	0.848592	248118721	237265584
specter2	1.000000	248118721	248118721
specter2	0.953344	248118721	67252690
specter2	0.951116	248118721	11128898
specter2	0.936484	248118721	148769060
specter2	0.931111	248118721	189076853
specter2	0.921960	248118721	149956976
specter2	0.918893	248118721	150430267
specter2	0.918602	248118721	144950067
specter2	0.916360	248118721	151087530
specter2	0.915533	248118721	214002031
specter	1.000000	248118721	248118721
specter	0.750314	248118721	222141608
specter	0.748408	248118721	221139776
specter	0.747230	248118721	225094586
specter	0.739753	248118721	16612020
specter	0.737996	248118721	236974349
specter	0.737375	248118721	64831171
specter	0.734129	248118721	246416924
specter	0.732912	248118721	187513298
specter	0.728696	248118721	166483999
specter.K280	1.000000	248118721	248118721
specter.K280	0.760320	248118721	246416924
specter.K280	0.759224	248118721	187513298
specter.K280	0.756255	248118721	16612020
specter.K280	0.752021	248118721	221139776
specter.K280	0.749941	248118721	17078583
specter.K280	0.748257	248118721	247922520
specter.K280	0.744273	248118721	199586632
specter.K280	0.743117	248118721	166483999
specter.K280	0.739747	248118721	42434242
