proposed	1.000000	248392249	248392249
proposed	0.972197	248392249	247593992
proposed	0.965664	248392249	247011240
proposed	0.962527	248392249	236486107
proposed	0.958736	248392249	226262343
proposed	0.958660	248392249	245906153
proposed	0.956874	248392249	233296742
proposed	0.956821	248392249	218974393
proposed	0.956446	248392249	222310217
proposed	0.955040	248392249	243865218
scincl	1.000000	248392249	248392249
scincl	0.928095	248392249	240311357
scincl	0.907076	248392249	252383238
scincl	0.883965	248392249	145495257
scincl	0.876196	248392249	193716059
scincl	0.864217	248392249	165647221
scincl	0.862012	248392249	58563462
scincl	0.861395	248392249	117316562
scincl	0.861277	248392249	15627537
scincl	0.860532	248392249	145123216
specter2	1.000000	248392249	248392249
specter2	0.946892	248392249	130698690
specter2	0.946704	248392249	232416043
specter2	0.918775	248392249	251027203
specter2	0.915186	248392249	54128799
specter2	0.911476	248392249	230022817
specter2	0.908698	248392249	223592133
specter2	0.907022	248392249	114482551
specter2	0.904720	248392249	232092638
specter2	0.903920	248392249	169774661
specter	1.000000	248392249	248392249
specter	0.766670	248392249	156649495
specter	0.720700	248392249	244227779
specter	0.705291	248392249	69658783
specter	0.704988	248392249	63464181
specter	0.698773	248392249	21901494
specter	0.695310	248392249	234185412
specter	0.688262	248392249	155241643
specter	0.686440	248392249	145627309
specter	0.684886	248392249	131204066
specter.K280	1.000000	248392249	248392249
specter.K280	0.787731	248392249	156649495
specter.K280	0.744443	248392249	244227779
specter.K280	0.731325	248392249	214705529
specter.K280	0.730703	248392249	21901494
specter.K280	0.724124	248392249	23512633
specter.K280	0.723506	248392249	155241643
specter.K280	0.718582	248392249	63464181
specter.K280	0.711215	248392249	248780589
specter.K280	0.703667	248392249	234185412
