proposed	1.000000	248780200	248780200
proposed	0.838407	248780200	129682789
proposed	0.836858	248780200	163906804
proposed	0.831086	248780200	240190174
proposed	0.826895	248780200	61586728
proposed	0.826722	248780200	152973475
proposed	0.824860	248780200	239758424
proposed	0.822129	248780200	161712363
proposed	0.821510	248780200	240983908
proposed	0.819692	248780200	234859124
scincl	1.000000	248780200	248780200
scincl	0.920586	248780200	235304978
scincl	0.907194	248780200	146782835
scincl	0.901841	248780200	163203951
scincl	0.889494	248780200	213014510
scincl	0.886903	248780200	237973854
scincl	0.883108	248780200	151211539
scincl	0.881154	248780200	141142692
scincl	0.879341	248780200	55236325
scincl	0.879186	248780200	236270567
specter2	1.000000	248780200	248780200
specter2	0.924606	248780200	248169752
specter2	0.917082	248780200	225815266
specter2	0.914110	248780200	142552092
specter2	0.910744	248780200	213153823
specter2	0.910621	248780200	79177903
specter2	0.910024	248780200	153124781
specter2	0.909927	248780200	58912639
specter2	0.909195	248780200	143402717
specter2	0.908592	248780200	148308285
specter	1.000000	248780200	248780200
specter	0.798791	248780200	235304978
specter	0.770964	248780200	145168735
specter	0.767886	248780200	132294182
specter	0.753061	248780200	230641162
specter	0.749501	248780200	145592933
specter	0.748691	248780200	143148577
specter	0.747172	248780200	220790875
specter	0.746551	248780200	154449381
specter	0.743594	248780200	202288091
specter.K280	1.000000	248780200	248780200
specter.K280	0.813277	248780200	145168735
specter.K280	0.808862	248780200	235304978
specter.K280	0.790595	248780200	220790875
specter.K280	0.781036	248780200	154449381
specter.K280	0.775565	248780200	145592933
specter.K280	0.773252	248780200	132294182
specter.K280	0.771964	248780200	226608177
specter.K280	0.759443	248780200	143148577
specter.K280	0.757182	248780200	151957970
