proposed	1.000000	3515219	3515219
proposed	0.997051	3515219	5033497
proposed	0.996286	3515219	3518190
proposed	0.995571	3515219	13748556
proposed	0.993949	3515219	235254009
proposed	0.991759	3515219	54446010
proposed	0.991687	3515219	226283563
proposed	0.991397	3515219	233365104
proposed	0.991304	3515219	52091536
proposed	0.991169	3515219	11054023
specter2	1.000000	3515219	3515219
specter2	0.976069	3515219	233365104
specter2	0.974607	3515219	202889310
specter2	0.974370	3515219	153312772
specter2	0.972351	3515219	237619834
specter2	0.971322	3515219	195886574
specter2	0.971111	3515219	6053988
specter2	0.969182	3515219	65578684
specter2	0.968505	3515219	53083122
specter2	0.968331	3515219	227992755
specter	1.000000	3515219	3515219
specter	0.878392	3515219	215238952
specter	0.876134	3515219	102353583
specter	0.871386	3515219	15600925
specter	0.865251	3515219	53113302
specter	0.863095	3515219	204737996
specter	0.857124	3515219	222381127
specter	0.853309	3515219	220545044
specter	0.851515	3515219	221738999
specter	0.850775	3515219	231709273
specter.K280	1.000000	3515219	3515219
specter.K280	0.881750	3515219	15600925
specter.K280	0.879582	3515219	215238952
specter.K280	0.871239	3515219	102353583
specter.K280	0.867756	3515219	237485450
specter.K280	0.864797	3515219	204737996
specter.K280	0.862395	3515219	222381127
specter.K280	0.859204	3515219	53113302
specter.K280	0.859086	3515219	219156539
specter.K280	0.857109	3515219	237300011
