proposed	1.000000	3518190	3518190
proposed	0.996286	3518190	3515219
proposed	0.994123	3518190	5033497
proposed	0.993845	3518190	235254009
proposed	0.993066	3518190	237416584
proposed	0.992493	3518190	4859003
proposed	0.992135	3518190	202565872
proposed	0.991925	3518190	202777169
proposed	0.991865	3518190	225070153
proposed	0.991543	3518190	52091536
specter2	1.000000	3518190	3518190
specter2	0.975840	3518190	211066603
specter2	0.972598	3518190	127098384
specter2	0.972395	3518190	216144650
specter2	0.968548	3518190	53220272
specter2	0.967988	3518190	236460280
specter2	0.966922	3518190	224802999
specter2	0.966577	3518190	195218742
specter2	0.964712	3518190	219681517
specter2	0.964172	3518190	246488872
specter	1.000000	3518190	29480621
specter	0.890771	3518190	5033497
specter	0.882199	3518190	52166727
specter	0.879214	3518190	216036257
specter	0.877291	3518190	15352384
specter	0.876030	3518190	233734846
specter	0.875390	3518190	28916303
specter	0.874256	3518190	51882806
specter	0.870646	3518190	44472515
specter	0.865615	3518190	227230890
specter.K280	1.000000	3518190	29480621
specter.K280	0.887489	3518190	5033497
specter.K280	0.885478	3518190	52166727
specter.K280	0.885447	3518190	15352384
specter.K280	0.884766	3518190	28916303
specter.K280	0.882609	3518190	233734846
specter.K280	0.882141	3518190	216036257
specter.K280	0.879735	3518190	51882806
specter.K280	0.870654	3518190	237597311
specter.K280	0.870203	3518190	44472515
