proposed	1.000000	37634159	37634159
proposed	0.970578	37634159	156054023
proposed	0.970192	37634159	44599744
proposed	0.970148	37634159	35648261
proposed	0.969552	37634159	63321713
proposed	0.969288	37634159	62953573
proposed	0.968171	37634159	21713993
proposed	0.967834	37634159	212545456
proposed	0.967088	37634159	57690078
proposed	0.966213	37634159	6246469
scincl	1.000000	37634159	37634159
scincl	0.887006	37634159	60279540
scincl	0.877950	37634159	117528106
scincl	0.864312	37634159	229368055
scincl	0.860016	37634159	216986048
scincl	0.846255	37634159	198115277
scincl	0.845654	37634159	114154604
scincl	0.844710	37634159	56898663
scincl	0.843877	37634159	182941222
scincl	0.842769	37634159	18167432
specter2	1.000000	37634159	37634159
specter2	0.938396	37634159	204750938
specter2	0.927167	37634159	63468408
specter2	0.924687	37634159	190304750
specter2	0.924672	37634159	226492229
specter2	0.920256	37634159	193827758
specter2	0.919419	37634159	1726921
specter2	0.917434	37634159	251300035
specter2	0.916659	37634159	190093806
specter2	0.915578	37634159	230173389
specter	1.000000	37634159	37634159
specter	0.712888	37634159	61493320
specter	0.699336	37634159	206744649
specter	0.678847	37634159	226672013
specter	0.677167	37634159	64984418
specter	0.672943	37634159	155162744
specter	0.664038	37634159	145126656
specter	0.663871	37634159	181435007
specter	0.662798	37634159	16943996
specter	0.660014	37634159	159493110
specter.K280	1.000000	37634159	37634159
specter.K280	0.718787	37634159	206744649
specter.K280	0.712453	37634159	4190925
specter.K280	0.705695	37634159	41707412
specter.K280	0.696694	37634159	58011697
specter.K280	0.696572	37634159	61493320
specter.K280	0.688303	37634159	145126656
specter.K280	0.682768	37634159	155162744
specter.K280	0.680463	37634159	233245808
specter.K280	0.679828	37634159	226672013
