proposed	1.000000	46159245	46159245
proposed	0.990665	46159245	3494477
proposed	0.988479	46159245	159476456
proposed	0.986382	46159245	26573094
proposed	0.980326	46159245	16210778
proposed	0.979835	46159245	96453418
proposed	0.977454	46159245	7084091
proposed	0.976157	46159245	7489171
proposed	0.976061	46159245	7656873
proposed	0.975354	46159245	14535712
specter	1.000000	46159245	46159245
specter	0.960046	46159245	3494477
specter	0.810481	46159245	189976118
specter	0.757518	46159245	221139776
specter	0.750759	46159245	219914886
specter	0.749719	46159245	694536
specter	0.748718	46159245	214262256
specter	0.737941	46159245	1499899
specter	0.723405	46159245	10658558
specter	0.719226	46159245	33995880
specter.K280	1.000000	46159245	46159245
specter.K280	0.955442	46159245	3494477
specter.K280	0.818348	46159245	189976118
specter.K280	0.754743	46159245	221139776
specter.K280	0.753860	46159245	694536
specter.K280	0.748274	46159245	33995880
specter.K280	0.748021	46159245	219914886
specter.K280	0.747019	46159245	211835683
specter.K280	0.746560	46159245	214262256
specter.K280	0.746494	46159245	1499899
