proposed	1.000000	48356442	48356442
proposed	0.990837	48356442	247518649
proposed	0.986495	48356442	64613070
proposed	0.985896	48356442	213330377
proposed	0.985551	48356442	214728364
proposed	0.985072	48356442	199501730
proposed	0.984238	48356442	233805178
proposed	0.983805	48356442	4019625
proposed	0.983161	48356442	44158994
proposed	0.983108	48356442	91190679
scincl	1.000000	48356442	48356442
scincl	0.940673	48356442	247594499
scincl	0.897928	48356442	249204406
scincl	0.888215	48356442	170714355
scincl	0.885450	48356442	208932644
scincl	0.882135	48356442	147429113
scincl	0.878835	48356442	1611348
scincl	0.878790	48356442	61752378
scincl	0.876346	48356442	26285605
scincl	0.875349	48356442	189922783
specter2	1.000000	48356442	48356442
specter2	0.931765	48356442	171167281
specter2	0.928866	48356442	193874279
specter2	0.922690	48356442	196000978
specter2	0.921608	48356442	10886762
specter2	0.920407	48356442	28411863
specter2	0.915459	48356442	164884543
specter2	0.914231	48356442	229825530
specter2	0.910795	48356442	14589984
specter2	0.907370	48356442	148364744
specter	1.000000	48356442	48356442
specter	0.819497	48356442	247748611
specter	0.802396	48356442	15293210
specter	0.766465	48356442	18315587
specter	0.766189	48356442	62538036
specter	0.747568	48356442	6602126
specter	0.725091	48356442	155055138
specter	0.722315	48356442	61489868
specter	0.722194	48356442	198905782
specter	0.721851	48356442	160307155
specter.K280	1.000000	48356442	48356442
specter.K280	0.824592	48356442	247748611
specter.K280	0.811866	48356442	15293210
specter.K280	0.782741	48356442	6602126
specter.K280	0.765288	48356442	18315587
specter.K280	0.760901	48356442	62538036
specter.K280	0.745452	48356442	61489868
specter.K280	0.741269	48356442	160307155
specter.K280	0.738022	48356442	198905782
specter.K280	0.737964	48356442	64127708
