proposed	1.000000	53614845	53614845
proposed	0.978085	53614845	204912175
proposed	0.975024	53614845	42196905
proposed	0.971134	53614845	51874605
proposed	0.969810	53614845	208334691
proposed	0.968148	53614845	43927707
proposed	0.967147	53614845	161276478
proposed	0.966796	53614845	117793893
proposed	0.965335	53614845	1151330
proposed	0.965219	53614845	8995667
scincl	1.000000	53614845	53614845
scincl	0.933224	53614845	18644790
scincl	0.910420	53614845	5710819
scincl	0.904675	53614845	15824006
scincl	0.901763	53614845	144304285
scincl	0.901716	53614845	171631721
scincl	0.900281	53614845	143272191
scincl	0.899978	53614845	155433823
scincl	0.897384	53614845	194544825
scincl	0.896586	53614845	59934973
specter2	1.000000	53614845	53614845
specter2	0.919320	53614845	229451953
specter2	0.918170	53614845	62963382
specter2	0.915784	53614845	171731263
specter2	0.915569	53614845	15082475
specter2	0.914128	53614845	142327005
specter2	0.912899	53614845	237357186
specter2	0.910919	53614845	245838235
specter2	0.909302	53614845	63595091
specter2	0.908345	53614845	75100371
specter	1.000000	53614845	53614845
specter	0.824861	53614845	14733622
specter	0.824106	53614845	15655546
specter	0.818057	53614845	63723979
specter	0.813814	53614845	64400219
specter	0.813528	53614845	14164616
specter	0.810832	53614845	1533087
specter	0.798144	53614845	219323230
specter	0.794158	53614845	219304782
specter	0.793169	53614845	53704357
specter.K280	1.000000	53614845	53614845
specter.K280	0.844221	53614845	14733622
specter.K280	0.837374	53614845	64400219
specter.K280	0.834364	53614845	15655546
specter.K280	0.832426	53614845	63723979
specter.K280	0.820471	53614845	16303059
specter.K280	0.816604	53614845	14935724
specter.K280	0.813830	53614845	7597936
specter.K280	0.812418	53614845	2278886
specter.K280	0.812389	53614845	32514666
