proposed	1.000000	58678348	58678348
proposed	0.976392	58678348	59517742
proposed	0.976323	58678348	11819538
proposed	0.976231	58678348	107534506
proposed	0.972864	58678348	67452762
proposed	0.971207	58678348	196108002
proposed	0.970678	58678348	122212975
proposed	0.969130	58678348	170259848
proposed	0.968639	58678348	221702683
proposed	0.967270	58678348	204939320
scincl	1.000000	58678348	58678348
scincl	0.957696	58678348	61531169
scincl	0.957286	58678348	186482892
scincl	0.953879	58678348	238295271
scincl	0.953075	58678348	209072184
scincl	0.953009	58678348	145439802
scincl	0.950450	58678348	110203424
scincl	0.950134	58678348	171234074
scincl	0.949600	58678348	55233247
scincl	0.948780	58678348	64443592
specter2	1.000000	58678348	58678348
specter2	0.954439	58678348	70336491
specter2	0.951617	58678348	253307126
specter2	0.949774	58678348	30598675
specter2	0.947158	58678348	63999388
specter2	0.946741	58678348	62279047
specter2	0.946383	58678348	86866730
specter2	0.943876	58678348	132859277
specter2	0.942918	58678348	64008256
specter2	0.941179	58678348	156023224
specter	1.000000	58678348	58678348
specter	0.824462	58678348	61971461
specter	0.822191	58678348	28873082
specter	0.819894	58678348	219065426
specter	0.806582	58678348	169825140
specter	0.806144	58678348	31549047
specter	0.801995	58678348	215863946
specter	0.789686	58678348	245855664
specter	0.780183	58678348	62884907
specter	0.777282	58678348	63955037
specter.K280	1.000000	58678348	58678348
specter.K280	0.857570	58678348	219065426
specter.K280	0.824780	58678348	31549047
specter.K280	0.823653	58678348	28873082
specter.K280	0.822458	58678348	215863946
specter.K280	0.815667	58678348	61971461
specter.K280	0.813858	58678348	245855664
specter.K280	0.808293	58678348	169825140
specter.K280	0.802473	58678348	64315490
specter.K280	0.799976	58678348	63955037
