proposed	1.000000	60187527	60187527
proposed	0.961064	60187527	150510328
proposed	0.958072	60187527	144102245
proposed	0.957796	60187527	141516119
proposed	0.955965	60187527	133386780
proposed	0.954803	60187527	10232431
proposed	0.952921	60187527	130799584
proposed	0.950144	60187527	225908367
proposed	0.948719	60187527	108290948
proposed	0.947702	60187527	201375632
specter2	1.000000	60187527	60187527
specter2	0.939386	60187527	210489352
specter2	0.933380	60187527	144724977
specter2	0.931605	60187527	188157776
specter2	0.930561	60187527	162749522
specter2	0.930155	60187527	163445751
specter2	0.929725	60187527	165442598
specter2	0.929012	60187527	161448685
specter2	0.928714	60187527	236409528
specter2	0.928186	60187527	144732913
specter	1.000000	60187527	60187527
specter	0.732900	60187527	193141888
specter	0.724713	60187527	169913603
specter	0.723673	60187527	248584538
specter	0.722266	60187527	129592917
specter	0.721856	60187527	225866905
specter	0.719125	60187527	199795121
specter	0.717288	60187527	176480255
specter	0.713450	60187527	227209777
specter	0.713419	60187527	162570907
specter.K280	1.000000	60187527	60187527
specter.K280	0.783557	60187527	248584538
specter.K280	0.752934	60187527	231092926
specter.K280	0.750217	60187527	190839567
specter.K280	0.750160	60187527	176480255
specter.K280	0.749679	60187527	193141888
specter.K280	0.741220	60187527	169913603
specter.K280	0.740856	60187527	188229240
specter.K280	0.740742	60187527	176821877
specter.K280	0.740728	60187527	148532352
