proposed	1.000000	60415868	60415868
proposed	0.991453	60415868	141015915
proposed	0.990217	60415868	144553463
proposed	0.987989	60415868	53833384
proposed	0.987275	60415868	60764430
proposed	0.986224	60415868	141471716
proposed	0.986211	60415868	144654403
proposed	0.986143	60415868	244923487
proposed	0.986119	60415868	154951920
proposed	0.986094	60415868	27725766
scincl	1.000000	60415868	60415868
scincl	0.963336	60415868	148725942
scincl	0.954098	60415868	193250924
scincl	0.953770	60415868	140394529
scincl	0.944729	60415868	152079373
scincl	0.938828	60415868	145795289
scincl	0.912243	60415868	62151085
scincl	0.906157	60415868	247624395
scincl	0.903487	60415868	160016126
scincl	0.900050	60415868	156613086
specter2	1.000000	60415868	60415868
specter2	0.929109	60415868	157206332
specter2	0.928921	60415868	43935655
specter2	0.921379	60415868	164737877
specter2	0.919269	60415868	145566031
specter2	0.913999	60415868	178486564
specter2	0.912061	60415868	226874251
specter2	0.905458	60415868	200999805
specter2	0.901704	60415868	237062245
specter2	0.901679	60415868	164594245
specter	1.000000	60415868	60415868
specter	0.754220	60415868	118518345
specter	0.727200	60415868	142931548
specter	0.702803	60415868	129769427
specter	0.670658	60415868	60398399
specter	0.659466	60415868	232258125
specter	0.634772	60415868	152144231
specter	0.625103	60415868	60833337
specter	0.624704	60415868	170754384
specter	0.621308	60415868	60213505
specter.K280	1.000000	60415868	60415868
specter.K280	0.765220	60415868	118518345
specter.K280	0.754735	60415868	129769427
specter.K280	0.749444	60415868	142931548
specter.K280	0.693559	60415868	152144231
specter.K280	0.686377	60415868	232258125
specter.K280	0.673892	60415868	60398399
specter.K280	0.667012	60415868	60833337
specter.K280	0.665614	60415868	234287506
specter.K280	0.657951	60415868	169222740
