proposed	1.000000	72276	72276
proposed	0.964201	72276	7579888
proposed	0.962131	72276	218974369
proposed	0.960581	72276	6068319
proposed	0.958936	72276	210864345
proposed	0.958524	72276	11883826
proposed	0.957733	72276	9779830
proposed	0.957124	72276	16019656
proposed	0.948428	72276	53010
proposed	0.947441	72276	16350920
scincl	1.000000	72276	72276
scincl	0.921753	72276	12295680
scincl	0.917904	72276	231994858
scincl	0.908466	72276	159476456
scincl	0.898837	72276	106751691
scincl	0.893452	72276	22287256
scincl	0.888668	72276	64774336
scincl	0.875671	72276	251226952
scincl	0.869426	72276	58527301
scincl	0.869184	72276	252112290
specter2	1.000000	72276	72276
specter2	0.939326	72276	235724946
specter2	0.936665	72276	63668378
specter2	0.913161	72276	51877369
specter2	0.906151	72276	2871993
specter2	0.898277	72276	6168063
specter2	0.890601	72276	89605399
specter2	0.889121	72276	149282256
specter2	0.886764	72276	196175899
specter2	0.884706	72276	12959156
specter	1.000000	72276	72276
specter	0.780556	72276	53082251
specter	0.752750	72276	8091731
specter	0.743000	72276	44896300
specter	0.720229	72276	6496659
specter	0.715407	72276	141344860
specter	0.706615	72276	142744774
specter	0.701572	72276	213824149
specter	0.701542	72276	196110289
specter	0.699832	72276	216553183
specter.K280	1.000000	72276	72276
specter.K280	0.817711	72276	53082251
specter.K280	0.792039	72276	8091731
specter.K280	0.766596	72276	44896300
specter.K280	0.763162	72276	69826545
specter.K280	0.762944	72276	1713770
specter.K280	0.761436	72276	142744774
specter.K280	0.760262	72276	204325357
specter.K280	0.755187	72276	196110289
specter.K280	0.753589	72276	143038505
