proposed	1.000000	7434807	7434807
proposed	0.879967	7434807	211838099
proposed	0.861547	7434807	108311639
proposed	0.857022	7434807	239624879
proposed	0.851607	7434807	239016519
proposed	0.849794	7434807	214486465
proposed	0.849078	7434807	12173813
proposed	0.845713	7434807	149727444
proposed	0.844839	7434807	244168029
proposed	0.843034	7434807	233365064
specter2	1.000000	7434807	7434807
specter2	0.968225	7434807	222272049
specter2	0.954505	7434807	235352924
specter2	0.927159	7434807	145245823
specter2	0.926648	7434807	224839529
specter2	0.925452	7434807	6924569
specter2	0.924959	7434807	211040913
specter2	0.917642	7434807	197710104
specter2	0.910254	7434807	234836537
specter2	0.902319	7434807	38235469
specter	1.000000	7434807	7434807
specter	0.766370	7434807	234374366
specter	0.730182	7434807	31667318
specter	0.701029	7434807	155706098
specter	0.693482	7434807	235694300
specter	0.693087	7434807	239232237
specter	0.687854	7434807	42368772
specter	0.686583	7434807	236483609
specter	0.682326	7434807	143896403
specter	0.681757	7434807	17097428
specter.K280	1.000000	7434807	7434807
specter.K280	0.795841	7434807	234374366
specter.K280	0.754941	7434807	4563837
specter.K280	0.739397	7434807	31667318
specter.K280	0.734427	7434807	43929634
specter.K280	0.730894	7434807	208224798
specter.K280	0.727192	7434807	155706098
specter.K280	0.716051	7434807	207836465
specter.K280	0.714104	7434807	56041875
specter.K280	0.709153	7434807	236483609
