163852796	128762797	14912801	123350761	119898364
17882550	27490034	17749937	102551552
244887608	24855326	39362396	58128421	3872073	3856360	37474893	19860699
37433848	121901473	122686903	119834934
13686337	52810295	2004441	145102446
93969646	94138813	95232047	32990995
85225057	97777050	95629683	44917714	100630074
32741239	12377276	24764648	23686831	7560432
24745957	13812771	33554852	26363881	702519	4224960
76932091	3266066	20699569	22149900	14688788	35022096	28795911	155638510
54615947	100022924	123649036	123043025	96530311	94958709	97439436	96955411	97161934	93631076	95788922	121528733
74095096	184031	42064006	34810055	26127168
128880570	46505063	4343942	129040915	128712623
125239722	92982412	57945376	11594481	120170953
30630155	20263627	20808324	27968145	38238256	30906971	28070287
11075595	11005448	31908474	27964367
209892826	560062	2806082	36145796	10601637	13275861	1766492
226685400	33942237	1846723	97602356	96328786
221689070	218949038	59506554	4144025	119462453
233299417	205210676	11706622	36402831	40415088	40076662
151361297	6798370	34607537	4347646	13823908	141120597
126684111	41034186	132927484	129791904	128775592
17102206	232747640	14861320	32051526	15367250	25209204	8293171	208290721
55031198	121597444	121576687	4399413	4332264	4317830	4302490	98828306	92793987
97908491	96625600	97743302	97669164	94427494	97896137
145334725	6490186	22200688	36311568
199636961	49863566	4639314	13152242	30256731
40470211	648566	23644340	33179404	29638410
59354099	167545019	54613331	145693791	154311737
123588049	120324577	120315709	126919429
142968009	29787095	85535459	84224368	2370554
13398653	11851012	23417905	33208210	13099667	473223	7243428
56452627	32357876	28219137	21273836	25665098
23814709	1466348	76988273	83734240
40496090	33836317	27355746	24661096	57183707
206068025	9237817	93809259	93232512	118605965	135642488
171093735	205102531	10866548	10795921	9502943
18728197	43685260	229095	13063466	196211	40714514	35128948	31957465
33120722	7419336	45400626	46272349	57898711
55025346	134994185	18537099	489019	113035538
84623281	36126601	71405671	58104022	87202722
121868010	129169681	140203182	129098604	129170139	122047211	122446143	120107480	129347880	118412509
215933292	5617719	5863353	154748724	122156594	121537738
195885682	14965260	6575484	10008016	2025411	461477	8409500	9020961	215874253
214730903	45716569	221209281	23694998	21572178	145234057	5557039
231860758	209426416	51893981	6422141	16066325	40438604
1441372	5772752	73735370	37057748	13459199	22337451	24321006	28314725	12452427	39846803	40848439
199442835	134152787	41052006	20482730	20908595	1707847	6567727	26636127	5095596	16131603
224770697	11562994	28977860	30334351	1784095
86473307	9100603	549288	5674305	355752	117795939	126119216
39774530	38955041	27620029	221277370	26513388
219763904	14215251	154081864	154252474	154301791	73564029	154785431	153833665
54073778	122662990	121177906	122929106	121366299	122427776
196978144	109953573	109113262	15395313	109113262	123225098	150382854
2481208	48351350	123706179	62758991	122603010
3881636	25971537	16792654	84975291	12902059	40988963	20243369
239741362	96416588	137369361	136642949	97010871	123275020
222822897	86172201	84647430	222496718	83195971
790489	40766557	16674087	38718463	44287820	42046266	70975900
46014501	21132623	4191755	4278236	44853099
234801123	137142387	135990099	11538060	221060727
243752388	170308548	170505355	222342276
125557833	120094477	122727576	122837109
143824447	144666785	145105665	148021657
4497590	44772083	38815354	2881582
61640469	109782905	191973320	113597403
227297412	215769580	3299130	15997754	6566543	145285403	141963840
25694532	121424647	55154161	120373846	125934155
146810817	24506106	10178369	45315679
177929234	143915081	143828312	182492332
167211263	359304	37309242	24951481	18447821	85411128	7714295	14575239	31918136
84974704	84465152	29353368	38459213
46945667	14516929	21133508	10841742	45729078	8575099	32033121	40907253	3010562
205562009	20658873	7082660	77805511
43059666	23783615	22272260	2540195	23684878	26711236	6303143
124964721	118309376	117938273	118941043
493253	26327983	11649978	42618357
8708440	16401093	123090298	121719290
244909465	13333660	14289107	220353660
20105487	4558785	11381978	102861294
208300909	7747385	16345110	2205932	29306691	8035988	21156682	33013901
149514864	145534926	379391	141745172	140510545	147148585
81500733	41289078	83637121	84806676
246978197	32614711	46703728	46293689	32501756	27067893
155275577	138013503	135832443	98696039
102107424	12139395	5666569	34513113	82376054
126081364	117096403	33842056	129890595
233355849	129798491	129646975	128393736	83980209	140596753
20210770	3342321	926740	19782392	41488578	37569126
112504734	137314669	137145989	135804111	135692835	136008396
24240548	96033373	95924503	95973894	98470782
3668368	3974242	5115501	33834142	20325264	27226996	9761885	32957106
237908148	56415008	31017122	10898652	22539281	34100858	23833200
24444026	3878988	24924850	7549555	20424989	28386512
209172452	206520035	15060299	25691172	19946088	25560704
135364315	37648691	84804184	128208692	205695422	84432949
37601773	39658495	2242377	20396226	5375339	26617862
234901974	53828869	27811227	148446979
24457436	9735197	8559829	28126588	21535986	7485652
237458161	44578319	8137371	56135221	202590023	120844125
153367562	154961150	153611156	153822805	154683638
131335105	12399266	22147629	42685416	8830818	2276165	21649625	71172869	20469260	2159633	93931294	102292338
44259214	39672912	1944713	21286129	20963566	23356167	82341410
206395645	98391516	97778700	93199295
13162657	11239410	12442760	33523916	4232833	6815926	32783033	26444537
81977831	26868905	9096616	34344840
119951233	123742475	206818562	33831857	61922378	119950893	121710332	122812739	117039607
218595047	1451612	205582209	17318795	27828135	25127585	2724473	6700520	22425133	72840893	20525976
13493163	14499704	21018393	25398475
235799063	211034649	207583334	21876523	33071612
139732898	25687509	33772628	20800436	93482312	29720574	11618	34736907
56480975	44735199	12748688	40856504	2061867	86733855	85424193
58683549	43915324	144995086	6211241	21281158	45036940
9404572	16471710	8971370	88948779
100271660	138300023	94858246	135951704	120338538	98206618
212448553	56083232	73702111	82124356
139636794	28901574	10383413	13727369	41631968	42408207	34375461
18377378	2597483	5554600	117060617	121656251	33172278
32770616	1218513	1486749	23718803	24895328	24340021	45065538	72656743
1276372	13259913	14386564	144116247
103658171	97762558	109310130	32124694	97066627
52173250	2224690	23382655	12134476	209344565	16175316
9816607	43585777	26041867	26734639	36909560	7520207	29010605	3257243	68573321
85923954	83062855	83817434	6339897	25035713	197459	118368265
38229895	31044308	27165565	6654845
166851744	215807368	153662162	155844978	153730584
6487721	17559728	95435813	98328492	128478742	129380603
52168119	45364172	12752468	72190743
23698051	21643542	73290198	40526901
216549325	4389441	25722818	18681208	39983140	20514853	27674485	4285663	101207971
84619302	85250740	133322130	145402960	144798106	124165178
109933165	21459494	12197415	38188145	42497267	8140757	7652791	42665966	30030923	41108849	20066968	84113160	35046576	11933120	43875977	71777599
82317876	1052491	8304670	9876865	33728618	43641418
7277638	110466800	44248250	29690726	98381957
229288458	7429812	18879630	418809
4637266	45173330	84531435	87409317
13831845	53579186	22843951	84475359	85293694	90008708
40556897	56029325	10938908	55131777	53679491	88885767	88713311	84524052	84060025
98678614	2027839	3160447	45398	4462461
7935541	9858388	121750697	58924476	121571376
118742628	18911407	119360142	118936399
82112035	84489602	36874292	4355962	36699200	30987203	32524494
33619560	73246794	21489033	29572762
201631204	24741615	24718193	442321	19562930	18523865	38107409	40102864
104457518	23959537	11491182	122908314	110190745	117439293	123097626	119795435	222380002
6260308	19692106	19516275	1963181	83799186	19947004	38732343	84857470
244908951	155093161	18195291	1894392	15038672	13260811	580381	8430733	9334387	56552388
149866953	19606600	24566032	88991982	45711167	86014164
42943556	33259018	12927529	39401414	23191034	40563527
84645637	83162472	90270559	129273563
25390348	19000641	39912014	357723	41007322	41826299	25169983
140829562	8209333	42715064	24892667	21633973
232415114	134190141	19361538	128571583	14300806	128828466	128512008	129107307
169500217	13137598	33073350	40969893
171219434	27123324	96824527	42281760	4297015
87087585	30543996	8101748	20191942	36617760	85309321
116945236	5498425	4346156	135596366
17002415	73593591	15193831	84300969	83663724	85182674
237660442	139401140	12004971	96751699	95562022	95808903
135883894	135676935	137558010	137096554	136487970	98542951
23954616	21122182	42728910	991183	40650644	32684357	1738770	43478801
79519104	38070547	44888197	26581507
207524396	46496917	12818036	24556164
231876884	214680476	21088008	10608627	511441	27634180
142928619	29400437	15946437	7677607
100293080	6564753	38957646	91727805	137483218
126032102	120352027	116949751	45215566
218872982	1871355	1900312	3071368	10718909	16122346	195928894
216221793	58669025	52138127	9693528	95502853
3859131	36798835	12735951	19305632	25365611	25589373	9078512	24295722	16610066	44776337	24026246	20859543
110973837	109587678	137386936	107049581
69054498	21459568	23825434	4268119	82898238	76364986
208535489	3551151	27917277	36789879	22848169	19877989
244109960	7047188	206682327	1951327	6544325	30693631	5591871
213270444	73420538	17028293	8855243	23277757	17758728	30242551	18615177	21332334	35301908	31011022	30977149	9200488
25309282	9115324	16135789	35915085	39785750	21986546	9633811
8530097	25519043	45041085	26331340
174816657	205089994	39046817	45166284	25444769	26806495
67805469	205378015	12398705	43594000	41551748
226972741	207893855	207702933	5327392	85435125
86902219	84021927	129534190	81307456
70513771	35980564	2482600	31905441
53789667	7408826	15182290	129329750	129591608
18698041	121357023	14150202	93258869
79275250	18758541	2547670	25861941
11643855	45409319	8003691	71486531	280559
20529918	35182142	87150494	4492358	15274349	47337297	42282059	29217387	44944466
42929829	18077895	2119248	7353972	56729381
225314076	211038698	137004505	122381684	123565730
210332772	22250290	4162447	129731070
6130566	5932654	7007209	210851476
114438466	120712103	117984978	52888758	121003676	124979879	122079148	118855510	123243529	122380677
73510620	3567488	30953816	19320336	23584343
46505254	20466919	12756254	77168184
54416352	9742535	46565033	24972439	45218227	146533387
222288179	34090674	207491104	23627692	35961364
64202558	29878997	28094290	25820995	38725050	4205482	119954812	210672864
233678818	13661488	25837197	37726269	95876417
37510810	46670075	30000108	206540667	60922131
119137652	124179862	2644875	120105977
224951850	26685238	30163971	24163619	86726968	45892724
235410591	94917008	96873504	98191133
119224993	118610841	606019	122888034
2952333	20957892	7696201	680190
8947393	17806104	14288243	122552531	62474708	119805990	58892528	125177510
146112477	51700975	97803413	93704661	97607204	101826020	95231971	95832923	93407042	96930934
2956643	9875614	8634281	10743931	10037072	38633560
248107291	229316174	3862412	27651631	85196391	84022467	86568451	90442608	87149270	88157100
81495979	22323376	32668904	32250868	555948	44852389	22605134
8699318	15642412	1771365	20589919	665991
24288646	2903740	9352261	38245793	6122379	212875	124522057	120567201	53002187	121598805
53343164	87314912	21600794	8673810	86235324	98350153
84896660	11069503	10290217	38842264
25675301	24393628	4389394	196596364	10601107	8274765	11016140	5181806	11615024
4383513	3447298	6385934	13885127	6728474	15551627	123298617
41057652	39576121	33477049	17705950	46781859	92117486
237106043	49339216	9297205	5310280	86892016	84824672
1650848	205529302	31423416	9252670	30079778	19470147
237316032	40493895	39773432	23384325
229437264	5188185	17594464	6438719	6147966	60664462
5258163	12477453	29694694	23403738	42801276	84049268	33611503	32673942	85328301
101383436	2359185	43676546	98527784	197098714
88524512	13936835	120337163	121205921
43052945	43519614	35159744	59615728
13991929	5177351	9371336	87859636
241134316	104303159	52048566	6874107	31006100	7615036
245365943	2054547	2374637	10611657	43265979	21452827	34017412	4253708	23611579
85215662	32279879	86384411	32048732	27236109	33427359	7972619
119043740	121017377	120222460	124035395	123710436	121559555	15808736	126353390
9191623	140159581	6509876	108972385	94887314
25890307	101923543	24405776	94802842	6182296	95982709
56245738	95360355	110791129	110776691	129074123	128973342	121341850
143401471	146601886	23498983	149432355
1433937	207242275	18025293	122557894	120520519
216530153	12392009	93793868	129082525	95290765	97991121	122640334	92959440
29148417	21116890	33235232	30907223	10013417	97991714	4199555	4155755	4261992
128675432	34488748	129494821	129557040
196632727	30197124	34015942	38080168	24084679	677129
1299052	20742592	6004654	10498728	22082010	29384967	82915788
3157651	20281395	27821683	84781900
228879378	23753320	36233400	42643184
234778722	158400529	167984813	7183407	154377033
64463439	58681973	12805370	63760
149441303	27595453	20790247	29918874	152370402
236212762	5482058	12938458	25863241	29013660	33858918	38269743
214678799	21965685	21957648	31926552	62884219	93511780	93719479
119430678	122818479	122267957	120014898	118363076
32485130	16526409	4242968	22096751	33089705
226961780	212466278	211305957	157969681	18397096	154144268	5496119	15115974
103583261	96233401	97702679	93409516	95129508
221241469	44683608	53063149	95337163
15815823	7293871	17196300	117976181
15463632	16643385	12384278	6407521	25584313	19967485	41606225
225769051	34985888	85719801	58577340
220381173	119720833	6289550	21204149	125499740	122878699
248120837	99608747	207159020	97912929	22086843
225621766	12796983	13202025	52221241	83902391
143847846	54777262	144689464	142382668
4460739	6209424	19931882	44498132	15953181	10511727	121805252	120779506	26730389	683909	45082675	206727190
82755894	43788293	102334035	232011747
14128173	36819919	13949729	82816605
36291310	94964700	38236257	101734080
237363473	116181620	12970415	53545756	222068096	122570537
10105620	24031449	24335610	22188501	24486561	46003222	14121873
127121620	59067821	73681653	2487609	116820008
14542161	3333100	120203158	62206471	117003734	18434540	17055589	4148010
146893435	144039525	16834768	36962146
17513374	20699381	5709464	46006013
221388515	22819210	3160849	29360758	41867897
23078392	53694921	119844384	119905661	123144748	4087395
202003402	206487661	41507298	95798703	206894311	95061378	96767620
5962862	23368217	31732785	10723292	24413753	70646858
32448407	15685016	3266214	75138874	769656	53821787	57917681
113422714	110475255	9383515	16137245	109123630	149887986
237823121	125605870	55890391	121884986	120694610
229668311	25602116	16590489	15779303	43946374	54087047
233716173	206985948	19853294	6150373	1209932
237102449	44192968	5739694	1189659	17577428	12927127	15819455	115305104
247407229	865255	7980974	122530182	4193919	61353144
18447673	156921336	167189068	167017740	4982217	153628430
42791976	86543583	84134686	81015028	93343626
42084351	6699660	2586316	11088754	6296091	123568201
235419708	211070780	17389286	959375	137670188	110639216
14433116	35303213	9091863	42574025	35858018	29134080	30746615	19194711	4365585	4235860
74819385	39526999	35652430	31050004	46734150
150756613	143713899	144379192	144230013
244108160	39139077	40411279	25942604	53091513	5728131	33948625
11032869	21120066	25392929	28496635
92728937	17575737	4394132	4834990	17012924	2667617	14731038	36645009	33471240	40732779
28009727	93695611	97209884	95354262
14988868	14298664	18172	37565935
34952829	7656194	13619626	23131865	84922928
36316138	154872609	152542769	117038423	36588549	123402667	156446818
16663291	16834672	2989938	123217851	121857257	119897852
67129242	39261768	13058374	11164953	16024175	9239131	12023255	82528141
248496569	13804039	1938733	7343609	6548724	8816566	205117629
218506180	30278366	43818069	85106695	26359620
20208334	26731594	14626762	765610	7310727	90418405	37947687
68698703	8045017	4435802	69122308
198968206	118623378	119282049	125264642
3848954	39051311	925309	31053956
53603230	14643765	44542277	219592862
52058567	1860243	13453236	5798629	4423938	43262684	6567101	9091863	1194356	14506211	25182484	83304978
121712804	120966799	122968821	121304688	121185086
11469248	9462515	85816230	83172807
201393552	13841148	145385119	143888508	143283533
141095425	20486653	33097233	11636929	26717064
153896786	31933847	154982413	154589173	154210555	154774392	155230369	155869780
73220610	6506153	39079830	4900876	25206391	11926452	17371308	17091121	42173555	1195979	45833299	42695325
19919035	37613657	33501237	86084206	8056005	73369110
11240429	5182128	9763946	17501001	115614326
34848889	403192	10492723	18754004	38749239
182843827	30862861	10422714	20125075	57105684	83932091
12571587	3053483	13170351	24800313	21483283
202907222	24655662	96561499	129648600	93604462	140666487
244526800	2988770	33863427	53195534	21779539	84903350	43678161
230986300	125556568	120565125	55097192	120809171	121784586	119792978	121061552
19257997	26722311	11368810	11171948	39746553	4332455	27581795	39195502	30556324	4362121	32745492	4240651	25218684	84128584
225171329	36151693	108807528	110201303	154468102	122882613	168500097
235342560	44754371	699056	24558744
158995495	55809106	154541785	202949985
205338256	24239401	23648233	20336301	27326177
238244372	201660050	4580055	42144378	180985044	39545376	901907	25039962
55149727	86750	397422	16189714	61493717	1797857	13044177	27831255	37809849
115564411	8385841	24912488	26463423	34629241
25229796	6349963	28374258	32645464	2561553	43377168
52895689	25501160	43431759	90353897	18087032	8204684
116990889	121259095	122335778	32477231
62886223	16249267	9795394	120798664
32230565	46023088	25259049	565634	43202006
129751150	131357798	129806406	128893851	140654358	128834312	129931959	127485114
74655420	10553818	13481300	22058654	2771106	19327587	4357751	86106085	28147522
129881585	56461755	129153555	4310229	131450365	128292263	131255217
11146835	6045915	26082072	70973728
247048756	158838915	17122733	6263137	39009952
44591634	13325715	36271517	22425968	24161961	37471445
149633412	15499752	44844260	37537639	23532364	35232361	32779408	31091682
20199141	15199403	9074779	11530919	12563569	160340	28842719
208582410	5056146	53573187	94759251
98087983	96349547	95557956	93529098
104270286	23825114	46613953	10259161	24286482	21773574	12444355	20624472	28510324	79145699
141033290	99713345	100356815	95191440	95113690	92870805
31817323	9769990	41107178	4959359	37534747
7400122	8193638	2848650	83521057	84645704	85276542
221326994	37410411	9102451	12012762	31497327	24292543	6627135
24804938	464253	54551972	7372081	2812947
145013892	18436110	28464928	29599821	45158332
96137694	95314894	97868611	98305174
240989849	45100182	33404253	33791345
237686502	116485415	6507472	110517933
70469009	74406864	83734267	86133709	7019218
33205147	13592324	46038691	41131306	23706212	44356029
98338917	35297324	94976950	53341909
53786973	56961486	22677739	8824679	72266308	42299966	31981858
17578342	5874229	35892702	167420091	10181346
247105588	26359177	142486253	21396054	84317143	25320244	38674998	26198277	143630594	28148482	143173821
85884870	23678664	20934072	23146697
232285649	85548391	154009202	74777615
9319368	94416655	93154152	84492832	87340315
96191711	95680455	98656496	112320095
7372006	4506156	5256744	28649940	16146435	5144642	15340054	275548
8229064	96721901	119846326	122042284	122022546
105120063	5301175	97617748	98463453	121028999	120231308	59028054	97458750
109295008	60889159	107836983	62662477	110131900
27697919	36095661	24659418	29250977	81934799	1144468	27354359	86378203
17682433	14775204	344878	7232095	1561851	17290987	5389873
55922391	14513514	13915063	19556418	31763896	41671406	146046439
231677612	73469924	69360291	133358670
121033328	123322398	94682560	119441207	122970654
206157183	12498271	10791249	11980154
4990319	205425100	11603692	18720130	36349785	32383359	5805636	10503396	36264513	22218435
78631579	36209653	13458090	23167590	20160657
232089141	9270189	20724081	29023936	71466456	46304259	37543926
167039328	89885769	109187888	152373259	161767337
7806924	9464823	3218053	13520189	20651835	11927098	34723073	22079501
221947003	97625374	97832810	96675324
71432308	72053525	1790597	4762563	13448647
21458216	8949049	30193750	21292526
220499489	212405276	205203690	31847886	37861037
22816357	149723285	40702889	46244401	37906524	34244503	221060727
146792880	53135840	154300779	222408486
143246081	145205932	147627844	143026246
130548874	83558818	84912260	84018591	92461543
44891088	73620951	10947705	32010280	10326386
58008781	44990029	3249405	22396633	12482146	33458593
199540921	73385137	25920959	32490094	164500221
131617181	108572498	59036030	113224953
163164250	39746875	24706339	19400487	39234800
5662945	511159	12709402	20353637	4951149	5449798	121615635
16475298	36286467	21079234	11487523
52938600	7269416	20116584	20244485
210868730	205100333	205096167	24112078	25219678
246488316	1141375	12244473	215780360	207020401	10981885	15555393	8743227	4950240	13520870	40825565
25779398	93797058	3108979	44365872	35627578
52923279	10146227	3549469	18870174	20180763	5669429	43169991	2608781
17434082	17325311	32618608	5660903	446997
197664040	7254768	21147328	88815506	84976023
55307630	154587047	152315985	159095719	44996817	109013513
4957782	7546855	51130	996791	9752459	25646627	25247279	206573760	21182618	25108208	86189120	1175559	1928476	209583566
71580456	25721166	60818261	122047054	120687117
54058308	29634696	20506436	6268745	12571147	15232735	790565	38141277	27660857	47273140
70648548	28831227	12575568	19214554	44353559	35235114	6217468
7778871	8912899	72374640	58117541
24894701	37197344	45986929	21535043	82111606
624708	14540592	16082437	1009884	1756992	18280369	17694705	61050352
53014126	16631594	36861265	22840466	39595751	12813502
59607025	7870267	13556915	39697889	41349535	68473840
10273953	94057448	94288021	4210508	93538150	97040877	91521137
9473333	9145172	10951129	13265244	5874608	1386324	41316099
9370584	8046203	1715266	11008194	31559796	36909165	12954144	77072067	71251300	16341919
95933194	93890854	40539029	36570146
248232143	5579890	6818530	8368023	26313281	83522899
44742520	45694077	96679744	95042898	87795925
24567783	11736858	37241853	8720385	4269702	44308169	38419761	6010837	43439735
221097207	51905956	8689125	8902430	28301217	20868054	9586398	24093248	14511752	31548946	19067668
232358792	12034140	18298983	43418053	221039574
23391255	9356600	209530760	37978042
235545405	137727948	138806869	109856663	138739694
12945771	25251029	36578466	22671889	33109695	41387158
145819191	1909271	3495769	522163	45957978
1120878	2323623	11413461	13327074	22933155	28495488	5465069	84285065
25894585	52804695	16410572	25225130
41431266	8495603	16016859	22151962	9497970
233932909	206562053	55022040	55062494	130320459
9456451	23318159	5296226	17678861	21081708	84813210	44481034	25822710	20910663	46483841	82794058
157058607	9557505	68639380	6579904	34988063
247236907	44592176	20613866	19352651	19311878	4234900	23606100	25750221	28915978
44704420	12629881	19514782	20081118	36383930
55244725	10092323	647269	14217672	4510482	70416361	77270202
6302793	85369463	2092727	4224260	17877104
90554998	1568305	20914281	22061505	984405	82886071
233917210	137661228	137316720	121355854	95279679
44940369	22314458	108835774	19827048	34736652	119546964	108847850
13261755	50473	37640918	37788327	19947004	39219168	30700946	4268906	140185210	123392406
213408244	133299152	129632684	97534865	88279637	88114251	86843961
203661688	8836139	10191297	16266882	16281798	25985270
150058907	2236495	73911784	34320227	35808172	222000737
35024925	3489319	15450376	15385590	8268690	613410	207926480
221859232	26233373	1030043	45051894
40126992	9898077	9983637	24741568	11669331	14742574
52132960	14957186	18861075	83816366	84699511
143424323	19808951	3242980	20209954
20997090	30547157	62556546	167921297	144470094
21413322	122792073	85935003	83984540	126917823
105931396	102453688	13735418	94876858	97795468	25038389	53005758	39859373	26085630
2734495	6913058	6459758	12933177	8005388
93048196	137320438	95357576	136010995
32702400	14809517	33000939	32848748
211022427	207957650	24492944	25396393
32209273	62692799	287775	32616225
38457449	97655129	31743162	95940804	98548010
136907991	98774655	97688115	95009449	102011042
199609758	28467694	6081384	37372892	27178679	40085333	1025002
195790780	88517350	59059418	30176573	62447496	118527346
7463888	13830887	5310280	13445610
139212109	5653567	123502100	122632312	120190992	118774478
46725460	55444875	154410103	111229373
237419633	52878243	14396673	14116158	25051365
117723612	122235174	123033232	101912627	122288328
244731126	3886886	22016566	60977753
7986619	4317578	36441949	29644883
128681711	128437306	96471505	130162562	128457302	127327687
97576640	12525515	93845469	129950830	129245238	140710350	129097962	4369950	120568831
83130029	28749162	22519497	29513493
16262259	12985167	2219939	141120597
107287718	110225558	60636525	46177215	60825002	110435475	109285758
8667614	42710300	86314066	5058212	52870834
97684586	95067770	93704717	98834198	95578992	97947657	101526999
125624563	4393810	118666774	96287205	93836113
51812385	196557301	25719266	31641839
19389239	54596070	62202576	22658013
526212	121566531	53518516	121294176	122984122	119831356	121932611	124308544
38587453	35309719	30495978	38153671
79108068	25005373	8513229	19790335	30993942	22252194	20185717
226990675	1026510	97838672	45993205	11111495
100433854	98570468	93043066	97984858	101581454
205357382	30154824	205090649	21357606
85502009	7709663	4974695	18657226	37862808	31655097	8859547	36938017	90967740
33965364	31059953	31380613	95558327
26502348	15579985	40509915	72265932
117374861	96935219	96329977	98615294	96308530
54375834	21060313	26989480	12083408	34573428
237777110	49311682	128995175	129818877	4314470	129835860	128751085	128788769	4215095	140551232
112994556	27356306	2532274	109702617	531186	51638964
230601970	137613841	98179423	120010610	97075288
133047940	201720649	129783876	98657067	38041382	96079937	92648346
114266816	141635530	111250153	6547488	128906176
95702589	122641701	121401202	120767197
153798519	153678771	153441667	15311903	154017165
123011362	29391082	18714449	16386756	17222717
14998015	18592036	3007666	54164102
89883300	19936266	35343956	37459467
120007324	118781279	118042868	117441644	125547342
241513835	195797418	197113242	95331282
22336011	4333303	2057905	2777971	21144104	13642341	11251193	83650103	85043533
51958140	37914490	1120572	16267223	117193233
35874704	599230	9717134	26003035	42382131	11146761
12812159	16451924	7376030	1060186	7164794	1785727	2184474	59861896
93156203	9899115	24473164	84405551
74036612	7499174	10209294	37703716
17311922	29649521	32591171	152071259
89646828	25750631	85176894	86399158	86313958
7566926	43591065	72355504	36995180
150741825	13170472	41558395	28873478	37561262	144451083
61490673	122677527	8989489	60533538
33369275	208350	25200900	20081661	23671424	23631016	4338377	26708871
24717219	8574723	54172495	128623830	129305260
18304359	17964431	10307054	85087652	19326766
104469430	121718938	121259594	30033659
14818109	6646615	8498062	11794468	60855956
235596730	10937379	9568032	6829094	35827021	35997013	11971887
73719067	1524096	5561233	6086810	123469856
14638118	15443304	201385565	16255459	121608390	118173938
78649210	23862343	33218740	3377361	43236008
177683873	42131610	37011984	40893302	75318619
143838463	145221995	145101630	145659460	38584764
70929499	74083692	30333360	32532454	142895708
115426075	29967474	42569127	25752300	39235426	17107506	42926249	208495666	28896381	27779731	45206801	35246543	89544011
232061964	22696069	11394574	42388623	43052441
86279413	4283493	36457574	44273813
42880677	44968792	23682628	123481671	122885678	120052034
23724905	28146590	427950	42748182	29335570
149791701	6464464	208802067	119865168	123059893	135931720	118126036	37993279
2985487	29213391	40875530	2747165
84310875	30302362	1842073	44917333
9927099	7319527	832319	26781408	6349963	5536520	39406624	33767208
1193560	9851009	207753374	4617100	28644474	9586520	8204684	12837135	36563412
214815973	3784424	1518846	907206	16711005	63300336
155303163	16495261	39796862	154742206	154143518
213951281	45957446	7001157	5162994	37145064
221992562	110019841	110152714	122165698
216123821	20535427	86611219	7493429	95532384	84351051	98031605
248541212	220436581	38518566	206551610	20882316
60698669	7574020	21355176	19354788	13050854	62747602
152382614	1936786	144269428	143637852	145063670	107818748
36726647	17517379	111138094	110535332	109250691
216097488	14545429	6213730	21826935	16093178	6603494	45695287	34114748	12111795
96715162	12256736	4224650	121738311	4028114
209844045	10075356	1264129	46701966	33779230
119294613	129715270	128626581	128862303
529521	20295601	41678483	30424580	29400514	43192621
21300308	205988392	26102177	18997430	2761227	88307906
9852097	23135883	144365981	11873891	42904635	141501808
141467697	197658536	39640416	143740374
107258605	97619945	96748375	95438802	54967595	108004509
90497003	2074176	32551908	17342873	39413269	21062934	4290689
33186995	33304643	3018671	15825397	23342018	6328174	8140836	9443847
85609730	87459930	86344595	85900515
218921038	14023826	19685609	30014262	108037288	26702385	68915955
208621978	16548759	12933994	1614381	45548453	8574815	152201
119023400	6613013	15599641	123387638
574838	7395989	10251072	273676	5638493	16762143	30760220	6159430	118714327	61141914	12228278	140364653
41995492	23223143	15679561	26765157	1394756	14702873	12179800	23896980
218618232	212690055	207687737	18745231	12955206	24407683	25875669	12708042	33314948	837064
116853368	119261465	38923085	118862400	119096263
34327132	118555034	116612556	170771772
38906657	10432955	2938060	6002573	1671874	59688048	55379485	109872947
4770333	9857358	7750072	40401222	85981305	29870867	7523873	21932919
218772869	129855677	128960205	126884206
149776156	978801	27687210	39981163	67058853
41423148	37340874	42349733	25688718	34090172
214249692	104087614	132477782	129384112	7881408	129964846
31404968	28423567	34513683	33845205	90794789
240437237	1082163	26882957	5611268	251998
34925959	35051738	17213351	37616853	31341096	83208944
24901258	122002090	138183173	96989355	119401239	97716381
25256691	145751293	143874835	71640357	71494157	144319778	72084614
17254775	13228506	4867594	180352105
210581936	145483249	145223873	41715467	147353178	147451759
19239549	121565497	32426746	36107688	124281007
53771336	7177114	2746579	23530264	9535582	25749004	24139838
207393160	27592738	39659588	21170507	11809949
205227188	23586705	11253270	15510018	24939935	40907844	37623226
148101750	28713590	144518136	146758533	197657364	36849233	79892612
98088328	97631422	103131162	6025088
94578881	97316538	28567849	13407660	57578278
141226611	4527511	30823114	27858294	3066406	41445985
212528470	9440680	2705602	3051603	8772541	21105886
16502922	76258924	1978776	11315312	235617
91261232	14772436	21968837	89197384	31953839	87851818	83238214
241657071	25001760	23282631	27756894
53041487	20570715	45721489	1274222	11710705
157454172	3240524	17688497	118414442	120971747	121934253	117930922
119818409	121258042	123374923	137130018
95588654	93106365	97777662	197092053	95908388
119148881	119494032	119578445	120878072	120215529
16174749	55865539	109784306	106794945
92099638	243366	25628175	287146
85574882	87854831	84456243	84515025
229403149	17537685	21989988	17353108	40698730	38488286	222410698	11196471
14793522	10612439	4362986	34129353	29645739
92605713	84135366	84739357	85115735
231861858	41498048	122141371	3980161
39894966	51846831	39286937	19665766
53976969	7351066	39654557	86243529	196686440	85581167	143069183
18433518	152779543	20415345	26301649
22155314	5996917	12158804	71633377	40463898	38034379	42884963	36057953
74281659	62239131	153556286	42071693	145603274
35609913	11384921	30634887	26648684
15259603	31534914	37279050	61928455	60967991	111358273	61815243
211085828	205201233	22479907	16601025	28335875	40227347
94813783	4275908	32007084	55463666	222272513
220419051	37389902	14571386	12785023
62834389	150509579	14596047	122232678
4561233	114784733	110149617	132986694
157550562	89615329	1372399	154124908	154353309	154972018	154310728	154616008	154106122
166521628	144045095	145343698	45029550	143622895
5719355	166945273	154404170	153589398	129618367
73491173	6780384	18978362	40635708	4371481	16352541	38192727	19835406	6988968	39956207
100814250	12869974	7493696	468323
109939088	15164373	96846101	96283436	197127132
10876591	36097240	32145315	36813977	2441881	208783126	94413709	97471288	95374798	31683692
85206639	5803962	651669	40059464
211133414	18802790	72731989	27172665	28180332	6311271	28718288
220978718	45383257	25613277	24378857	19355583
206641975	122768870	62268593	15271545	61600220	62656703	110838765	51655891
19693946	2386047	29942377	6009295	44564878	41505423	23291460
220427216	20808127	32896357	1886073
115361343	137038218	122097290	119727435	117352509	120908731
28771157	41981448	29292752	25033322	21375679	22394703
206190085	22398050	8337119	6969073	22177202
236972437	220825380	201315088	2777373	167063250
125246196	2998562	122958869	122175810	123651249	123039639	98831861	222591474	98243158
236223498	20525096	108816800	110135805	21766595	15858398	13329141	108143557
46630483	45497052	11880398	54278760	12176454	43849565
24333205	332541	144889486	155342384
231866087	221799133	35024400	23559291	9208979	25209675
11812036	21050264	22849080	13518868	22414066
102438232	21897232	97279443	96410150	45385687	99520090
6085555	56005604	129106365	118548807	9429449	125001343	122065236	120760331
122661191	120983745	122881810	122776454	51674027	51646932	110943062	122563663	121800462
12283868	36945019	162243	41239679
86791600	15532253	29771742	22547840
245210647	206737645	25558152	40990153	23959052
221570367	19446228	30701519	26440885	41554132	82574442
139849471	95350662	95703361	97204866	95438183
238007742	17294806	28322122	44859106	1275174	16673999	34617519
132680373	54672392	53696031	128983020	119414354
94996438	96345833	95282758	118294449
14854558	96110340	91468274	121828705	95323688	119646214	94688458	123085468
34048260	2030323	90854276	11153433	89250686	101518589
106829650	122436713	116345616	56084288	120111319
244948722	4994814	109502654	55646226	166665364
